[-5.55111512e-20 -2.77555756e-20  0.00000000e+00]
[ 7.75981113e-15 -6.87892058e-15  5.70571367e-15]
[ 1.19711505e-14 -1.36075030e-14  1.27288181e-14]
[ 2.71218594e-15 -2.27705224e-14  3.64644465e-15]
[ 5.03549567e-15 -1.92477327e-14 -3.33863457e-15]
[-4.21098703e-15 -2.34177098e-14  9.53997962e-15]
[-1.35523103e-14 -9.49300317e-15  1.94933249e-14]
[-2.06258621e-14 -2.15590349e-14  8.98634194e-15]
[-1.25767452e-14 -2.31292849e-14  2.21888649e-14]
[-1.88410485e-14 -2.22933922e-14  2.70783423e-14]
[-8.75731779e-15 -1.22906785e-14  2.33849364e-14]
[-6.54923164e-15 -2.39337630e-14  1.70716238e-14]
[-9.54293068e-15 -2.65282588e-14  3.47024384e-14]
[-7.54951657e-15 -1.26537778e-14  3.99829909e-14]
[-1.61741280e-14 -1.50049244e-14  3.25364752e-14]
[-1.53067663e-14 -2.45412414e-14  4.02387305e-14]
[-1.58857302e-14 -2.45228100e-14  3.48687211e-14]
[-1.62361444e-14 -3.54354133e-14  4.53397899e-14]
[-3.05068470e-14 -4.17974032e-14  4.64951970e-14]
[-2.18523116e-14 -3.28929592e-14  4.17795139e-14]
[-1.03059922e-14 -4.42200530e-14  3.51610559e-14]
[-3.66113390e-15 -4.48879215e-14  4.66580442e-14]
[-5.09575021e-15 -5.18732193e-14  6.22906674e-14]
[-1.67357447e-14 -5.08208926e-14  4.48195083e-14]
[-6.64312355e-15 -5.03683466e-14  5.23567734e-14]
[-3.40005801e-15 -5.15160831e-14  4.61699906e-14]
[-6.67174649e-15 -5.31861881e-14  4.62236586e-14]
[ 5.18161902e-15 -7.14181318e-14  4.74625764e-14]
[-3.67067488e-15 -5.86050306e-14  3.66089537e-14]
[-1.39818712e-14 -6.63865664e-14  2.79754518e-14]
[-2.11844431e-14 -7.06869459e-14  1.39985679e-14]
[-2.04610634e-14 -7.05741889e-14  2.24247704e-14]
[-7.63451802e-15 -7.55003698e-14  1.19544132e-14]
[-1.44675938e-14 -7.15313225e-14  6.79534554e-15]
[ 1.14491749e-16 -8.02639205e-14  1.46401988e-14]
[-6.29010732e-15 -6.59650286e-14 -1.00223649e-15]
[-4.54497551e-16 -5.72736303e-14 -3.43605353e-15]
[-2.30024333e-15 -5.57132465e-14 -2.24308419e-14]
[-1.56229196e-14 -4.83077120e-14 -2.44830198e-14]
[-1.69447789e-14 -6.14577833e-14 -3.15589568e-14]
[-1.60982339e-14 -7.42088682e-14 -3.52313664e-14]
[-2.17950658e-14 -8.95550994e-14 -3.28010188e-14]
[-1.63237479e-14 -8.02908087e-14 -3.27749980e-14]
[-2.12399542e-14 -8.21400239e-14 -2.83193607e-14]
[-1.23200061e-14 -7.42435627e-14 -3.71855324e-14]
[-2.39634701e-14 -7.49738813e-14 -3.09023640e-14]
[-1.58345559e-14 -6.88112761e-14 -3.55462187e-14]
[-2.15660823e-14 -6.94522564e-14 -4.24764390e-14]
[-3.86843335e-14 -8.28833530e-14 -4.55260829e-14]
[-4.08562073e-14 -7.18869408e-14 -4.69260047e-14]
[-2.84494650e-14 -8.18008855e-14 -4.31668590e-14]
[-1.38639100e-14 -8.28573321e-14 -4.28563435e-14]
[-3.00592884e-14 -8.34905062e-14 -5.25655908e-14]
[-2.31967223e-14 -7.86176679e-14 -6.28733177e-14]
[-7.81597009e-14 -7.43675954e-14 -4.45615767e-14]
[-4.60395611e-14 -9.34911870e-14 -3.67518516e-14]
[-4.14113188e-14 -6.70123679e-14 -2.80955814e-14]
[-7.02216063e-15 -6.97567004e-14 -2.51326737e-14]
[-2.91849878e-14 -9.22664722e-14 -2.54796184e-14]
[-4.08909018e-14 -7.94746213e-14 -3.13360449e-14]
[-4.10088630e-15 -1.04544845e-13  4.85028684e-15]
[-1.30243039e-14 -9.30384242e-14  7.28583860e-16]
[-6.12496165e-14 -1.04609030e-13  3.44516082e-15]
[-1.31214484e-14 -1.07663878e-13 -1.10814136e-14]
[-1.11993748e-14 -1.47571191e-13  3.40213968e-14]
[ 1.04152797e-14 -1.05184958e-13 -7.18175519e-15]
[ 1.09634524e-14 -1.24504573e-13  1.50573998e-14]
[-4.44574932e-14 -1.16037388e-13  1.40165657e-15]
[-5.08204590e-14 -1.28428518e-13  1.94635974e-14]
[-4.96061525e-14 -1.29925584e-13  6.48092691e-15]
[-1.18516308e-14 -1.20032456e-13  7.70911113e-15]
[-8.32944824e-14 -1.22540866e-13  1.90680804e-14]
[-4.29239977e-14 -1.46898119e-13  2.81372148e-14]
[-5.59968738e-14 -1.49821128e-13  1.73333570e-14]
[-5.24996713e-14 -1.62016234e-13  2.15868989e-14]
[-1.38777878e-14 -1.65803135e-13 -9.15933995e-16]
[-5.42343948e-14 -1.42878764e-13  1.01862963e-14]
[-7.32053307e-14 -1.33497380e-13  3.68177711e-14]
[-5.78981307e-14 -1.38215828e-13  2.31342723e-14]
[-1.29063427e-14 -1.28145758e-13  3.22381011e-14]
[-2.27595720e-15 -1.62423894e-13  3.27932126e-14]
[-2.62428967e-14 -1.53202104e-13  1.69864123e-14]
[ 7.49400542e-16 -1.70101780e-13  3.50691698e-14]
[-2.60902411e-15 -1.66809275e-13  2.59237076e-14]
[-3.09752224e-14 -1.71094042e-13  2.77694534e-14]
[-1.14352972e-14 -1.79247242e-13  5.13478149e-15]
[-3.16413562e-14 -1.79785006e-13  5.84809978e-14]
[-5.78148640e-14 -1.67501429e-13  2.79637424e-14]
[-4.31460423e-14 -1.82638626e-13  2.19962937e-14]
[-1.01307851e-15 -1.81969023e-13  4.00374178e-14]
[-1.31006317e-14 -1.56003682e-13  2.27734498e-14]
[-3.11695114e-14 -1.82805160e-13  1.57374114e-14]
[-7.88813459e-14 -1.70884140e-13  1.18377530e-14]
[-7.93393129e-14 -1.63802999e-13  4.81559237e-15]
[-2.95735658e-14 -1.35181796e-13  5.30686606e-14]
[-4.97796249e-14 -1.74826299e-13  4.30905311e-14]
[-9.25509669e-14 -1.57708915e-13  5.35821387e-14]
[-4.89608354e-14 -1.54560392e-13  3.87884169e-14]
[-9.30366895e-14 -1.67434643e-13  2.80608869e-14]
[-3.10723669e-14 -1.45742793e-13  8.17401702e-15]
[-4.10366185e-14 -1.84529475e-13  2.72420975e-14]
[-1.14103171e-13 -1.55008168e-13  3.47499807e-14]
[-7.65915109e-14 -1.36439688e-13  3.69704267e-14]
[-5.40817391e-14 -1.74481089e-13  3.69149156e-14]
[-8.68194405e-14 -1.96399320e-13  3.19050342e-14]
[-5.13061815e-14 -1.70352447e-13  4.05786516e-14]
[-7.28722638e-14 -1.76808221e-13  4.00096622e-14]
[-7.05269176e-14 -1.88121220e-13  2.63539190e-14]
[-2.93653990e-14 -1.84455749e-13  3.16552340e-14]
[-7.24004190e-14 -1.84303961e-13  1.49463775e-14]
[-6.88615831e-14 -1.95499866e-13  4.61714000e-14]
[-7.40657535e-14 -1.74691858e-13  3.29181127e-14]
[-6.37268016e-14 -2.11147072e-13 -7.53563878e-15]
[-6.77929934e-14 -1.97949296e-13  8.93729535e-15]
[-3.69704267e-14 -1.67796332e-13 -2.14481211e-14]
[-5.36862221e-14 -1.96551109e-13 -1.05263021e-14]
[-6.79803436e-14 -1.68975944e-13 -5.79397641e-15]
[-2.60139132e-14 -2.22127872e-13 -1.03250741e-14]
[-5.40123501e-14 -1.90708560e-13 -7.10542736e-15]
[-1.08753284e-13 -1.76803017e-13  1.26010313e-14]
[-7.50059737e-14 -1.87794225e-13  3.00315328e-14]
[-9.54739759e-14 -2.37865283e-13  1.59872116e-14]
[-1.06834680e-13 -2.33701947e-13  3.88578059e-15]
[-9.61548549e-14 -2.04058992e-13  8.88178420e-16]
[-1.35906911e-13 -2.20046203e-13 -2.15383267e-14]
[-9.06358322e-14 -1.78301818e-13 -8.43769499e-15]
[-1.19772248e-13 -2.01838546e-13 -5.32907052e-15]
[-8.66806626e-14 -2.35367281e-13  5.32907052e-15]
[-1.40720768e-13 -2.13384865e-13  5.32907052e-15]
[-1.63979941e-13 -1.82076576e-13 -2.75335310e-14]
[-1.29452005e-13 -1.91846539e-13 -3.19744231e-14]
[-1.20126131e-13 -1.93622895e-13  1.24344979e-14]
[-1.20126131e-13 -1.94511074e-13  1.77635684e-14]
[-1.33226763e-13 -2.09610107e-13  2.57571742e-14]
[-1.14463994e-13 -1.72306613e-13  1.42108547e-14]
[-9.32587341e-14 -1.98951966e-13 -7.10542736e-15]
[-9.14823772e-14 -1.66977543e-13 -1.42108547e-14]
[-1.06803455e-13 -2.19380070e-13 -1.06581410e-14]
[-5.30686606e-14 -1.84741111e-13 -5.32907052e-15]
[-1.34559031e-13 -2.23820962e-13 -1.06581410e-14]
[-4.04121181e-14 -1.87405647e-13 -1.42108547e-14]
[-1.37889700e-13 -2.19380070e-13  1.77635684e-15]
[-8.21565038e-14 -1.92734717e-13 -1.42108547e-14]
[-8.65973959e-14 -2.05169215e-13 -5.32907052e-15]
[-1.29674049e-13 -2.16715534e-13  1.24344979e-14]
[-5.61772850e-14 -2.27373675e-13 -1.24344979e-14]
[-3.75255382e-14 -1.78523862e-13 -2.66453526e-14]
[-1.33448808e-13 -2.13162821e-13 -3.55271368e-14]
[-1.00142117e-13 -1.98951966e-13 -1.42108547e-14]
[-5.55111512e-14 -1.95399252e-13 -3.19744231e-14]
[-4.64073224e-14 -2.06057393e-13 -4.26325641e-14]
[-1.29452005e-13 -1.95399252e-13 -4.26325641e-14]
[-8.10462808e-14 -2.06945572e-13 -3.19744231e-14]
[-9.48130463e-14 -2.14939178e-13 -2.48689958e-14]
[-1.02806652e-13 -1.74082970e-13 -7.10542736e-15]
[-4.19664303e-14 -1.76747506e-13 -7.10542736e-15]
[-7.52731211e-14 -1.86517468e-13 -5.32907052e-14]
[-1.47437618e-13 -2.00728323e-13 -2.84217094e-14]
[-2.73114864e-14 -1.89182003e-13 -3.37507799e-14]
[-6.48370246e-14 -1.88293825e-13 -2.66453526e-14]
[-7.12763182e-14 -1.83852933e-13 -3.73034936e-14]
[-4.95159469e-14 -1.96287431e-13 -2.30926389e-14]
[-1.03694830e-13 -1.79412041e-13 -2.84217094e-14]
[-7.32747196e-14 -2.05169215e-13 -4.08562073e-14]
[-5.72875081e-14 -1.97175609e-13 -5.32907052e-14]
[-8.03801470e-14 -1.77635684e-13 -2.30926389e-14]
[-7.72715225e-14 -1.96287431e-13 -1.95399252e-14]
[-5.88418203e-14 -2.07833750e-13 -3.01980663e-14]
[-1.15463195e-13 -2.12274642e-13 -4.26325641e-14]
[-9.50350909e-14 -1.85629290e-13 -4.97379915e-14]
[ 1.46549439e-14 -2.02504680e-13 -2.48689958e-14]
[-7.68274333e-14 -2.09610107e-13 -3.55271368e-14]
[-1.42108547e-13 -1.98063788e-13 -8.88178420e-15]
[-4.15223411e-14 -2.11386464e-13 -5.15143483e-14]
[-4.64073224e-14 -1.77635684e-13 -5.32907052e-14]
[ 3.33066907e-15 -1.96287431e-13 -4.26325641e-14]
[-6.37268016e-14 -2.01616501e-13 -4.26325641e-14]
[-3.26405569e-14 -1.88293825e-13 -4.44089210e-14]
[-6.03961325e-14 -1.96287431e-13 -6.39488462e-14]
[-4.01900735e-14 -2.30926389e-13 -2.30926389e-14]
[-4.13002965e-14 -2.25597319e-13 -5.32907052e-15]
[ 1.77635684e-15 -2.14939178e-13 -5.68434189e-14]
[-5.08482145e-14 -2.00728323e-13 -1.95399252e-14]
[-8.06021916e-14 -2.10498285e-13 -1.24344979e-14]
[-5.19584376e-14 -1.93622895e-13 -3.19744231e-14]
[-1.14575016e-13 -1.69642078e-13 -4.08562073e-14]
[-1.19904087e-13 -1.86517468e-13 -1.59872116e-14]
[-4.70734562e-14 -1.94511074e-13 -3.55271368e-14]
[-9.14823772e-14 -1.94511074e-13 -4.79616347e-14]
[-5.83977311e-14 -2.10498285e-13 -3.37507799e-14]
[-6.08402217e-14 -2.01616501e-13 -3.55271368e-14]
[-1.00364161e-13 -2.00728323e-13 -4.26325641e-14]
[-5.92859095e-14 -1.98951966e-13 -6.92779167e-14]
[-6.83897383e-14 -2.22044605e-13 -6.21724894e-14]
[-7.63833441e-14 -2.07833750e-13 -3.37507799e-14]
[-1.20792265e-13 -2.06945572e-13 -1.59872116e-14]
[-1.25011113e-13 -1.74971149e-13 -4.44089210e-14]
[-4.55191440e-14 -1.82076576e-13 -1.77635684e-14]
[-7.46069873e-14 -2.31814568e-13 -3.19744231e-14]
[-1.21236354e-13 -2.37143638e-13 -3.01980663e-14]
[-9.48130463e-14 -2.50466314e-13 -3.37507799e-14]
[-4.48530102e-14 -2.14939178e-13 -3.90798505e-14]
[-1.22124533e-14 -2.22932783e-13  1.77635684e-15]
[-1.07913678e-13 -1.93622895e-13 -1.24344979e-14]
[-1.75193193e-13 -2.24709140e-13 -1.24344979e-14]
[-7.88258347e-14 -1.97175609e-13  0.00000000e+00]
[-9.99200722e-14 -1.70530257e-13 -3.73034936e-14]
[-8.61533067e-14 -2.04281037e-13  1.77635684e-15]
[-7.88258347e-14 -1.99840144e-13  1.42108547e-14]
[-5.66213743e-14 -2.07833750e-13 -2.13162821e-14]
[-9.54791801e-14 -2.06945572e-13 -4.79616347e-14]
[-7.92699240e-14 -1.97175609e-13 -7.10542736e-15]
[-8.23785484e-14 -2.14050999e-13 -4.61852778e-14]
[-1.17461596e-13 -2.06057393e-13 -6.21724894e-14]
[-6.75015599e-14 -1.83852933e-13 -3.37507799e-14]
[-1.63868918e-13 -1.72306613e-13 -2.84217094e-14]
[-1.97619698e-14 -1.73194792e-13 -3.55271368e-14]
[-4.61852778e-14 -2.34479103e-13 -3.19744231e-14]
[-7.88258347e-14 -2.08721929e-13 -5.50670620e-14]
[-4.66293670e-15 -2.15827356e-13 -2.13162821e-14]
[-6.06181771e-14 -1.97175609e-13 -2.84217094e-14]
[-1.04138920e-13 -2.22932783e-13 -5.15143483e-14]
[-8.92619312e-14 -1.91846539e-13 -4.61852778e-14]
[-9.52571355e-14 -2.05169215e-13 -5.50670620e-14]
[-7.32747196e-15 -1.98063788e-13 -5.50670620e-14]
[-1.15463195e-13 -2.54019028e-13 -5.32907052e-14]
[-3.01980663e-14 -2.20268248e-13 -2.30926389e-14]
[-3.55271368e-15 -2.09610107e-13 -6.92779167e-14]
[-7.68274333e-14 -2.23820962e-13 -8.17124146e-14]
[-2.37587727e-14 -2.19380070e-13 -6.57252031e-14]
[ 1.90958360e-14 -2.16715534e-13 -7.28306304e-14]
[-8.83737528e-14 -2.30038211e-13 -7.63833441e-14]
[-3.68594044e-14 -1.81188398e-13 -5.50670620e-14]
[-1.86517468e-14 -2.47801779e-13 -6.92779167e-14]
[ 4.06341627e-14 -2.21156427e-13 -4.08562073e-14]
[-4.48530102e-14 -2.07833750e-13 -8.70414851e-14]
[-4.50750548e-14 -1.96287431e-13 -1.03028697e-13]
[-1.13020704e-13 -2.41584530e-13 -1.06581410e-13]
[-6.43929354e-14 -2.01616501e-13 -9.76996262e-14]
[ 2.73114864e-14 -1.93622895e-13 -6.92779167e-14]
[-5.97299987e-14 -2.04281037e-13 -9.05941988e-14]
[-1.35447209e-14 -2.16715534e-13 -1.20792265e-13]
[ 6.12843110e-14 -2.73558953e-13 -1.19015908e-13]
[ 6.72795153e-14 -2.54019028e-13 -7.63833441e-14]
[-3.53050922e-14 -2.06945572e-13 -7.99360578e-14]
[ 1.11022302e-14 -2.41584530e-13 -1.06581410e-13]
[ 3.46389584e-14 -2.30038211e-13 -3.90798505e-14]
[-2.57571742e-14 -2.40696352e-13 -3.37507799e-14]
[-6.08402217e-14 -2.49578136e-13 -4.97379915e-14]
[-2.22044605e-14 -2.16715534e-13 -7.10542736e-14]
[ 1.44328993e-14 -2.79776202e-13 -9.59232693e-14]
[-3.10862447e-15 -2.62012634e-13 -9.23705556e-14]
[ 8.88178420e-14 -2.11386464e-13 -8.34887715e-14]
[-3.68594044e-14 -2.04281037e-13 -1.01252340e-13]
[ 3.53050922e-14 -1.97175609e-13 -1.01252340e-13]
[ 2.42028619e-14 -1.88293825e-13 -1.19015908e-13]
[ 1.22124533e-14 -2.19380070e-13 -1.24344979e-13]
[-3.26405569e-14 -2.03392858e-13 -1.36779477e-13]
[-1.28785871e-14 -2.16715534e-13 -1.17239551e-13]
[ 2.37587727e-14 -2.56683563e-13 -1.24344979e-13]
[ 4.44089210e-15 -2.34479103e-13 -8.34887715e-14]
[ 8.77076189e-14 -2.05169215e-13 -1.38555833e-13]
[ 4.81836793e-14 -2.53130850e-13 -1.24344979e-13]
[ 2.06501483e-14 -2.61124455e-13 -1.31450406e-13]
[ 1.42108547e-14 -2.52242671e-13 -1.13686838e-13]
[ 1.97619698e-14 -2.54907206e-13 -8.52651283e-14]
[ 2.35367281e-14 -2.09610107e-13 -1.01252340e-13]
[ 6.88338275e-15 -2.30038211e-13 -1.17239551e-13]
[ 5.01820807e-14 -2.30038211e-13 -1.13686838e-13]
[ 2.17603713e-14 -2.34479103e-13 -9.41469125e-14]
[-9.32587341e-15 -2.41584530e-13 -1.17239551e-13]
[-1.04360964e-14 -2.53130850e-13 -1.20792265e-13]
[-1.55431223e-15 -2.66453526e-13 -9.59232693e-14]
[-2.04281037e-14 -2.70894418e-13 -1.27897692e-13]
[-7.92699240e-14 -2.62900812e-13 -1.42108547e-13]
[ 1.40776280e-13 -2.20268248e-13 -9.76996262e-14]
[ 2.28705943e-14 -2.30926389e-13 -1.10134124e-13]
[-4.66293670e-15 -2.12274642e-13 -1.01252340e-13]
[ 4.19664303e-14 -2.53130850e-13 -8.34887715e-14]
[-2.88657986e-14 -2.21156427e-13 -8.88178420e-14]
[-2.13162821e-14 -2.61124455e-13 -1.10134124e-13]
[ 6.21724894e-15 -2.86881630e-13 -1.17239551e-13]
[-5.26245714e-14 -2.79776202e-13 -1.11910481e-13]
[ 4.13002965e-14 -2.54019028e-13 -1.22568622e-13]
[ 4.44089210e-16 -2.71782596e-13 -1.49213975e-13]
[-1.04360964e-14 -2.40696352e-13 -1.49213975e-13]
[ 2.84217094e-14 -2.77111667e-13 -1.45661261e-13]
[ 1.50990331e-14 -2.49578136e-13 -1.45661261e-13]
[-1.11022302e-15 -2.49578136e-13 -1.40332190e-13]
[-3.90798505e-14 -2.31814568e-13 -1.36779477e-13]
[ 3.79696274e-14 -2.43360887e-13 -1.04805054e-13]
[-1.59872116e-14 -2.65565347e-13 -4.44089210e-14]
[ 6.10622664e-14 -2.57571742e-13 -6.39488462e-14]
[ 5.17363929e-14 -2.64677169e-13 -8.70414851e-14]
[ 3.13082893e-14 -2.69118061e-13 -1.13686838e-13]
[ 1.95399252e-14 -2.39808173e-13 -1.33226763e-13]
[ 2.84217094e-14 -2.80664381e-13 -1.13686838e-13]
[ 3.04201109e-14 -2.41584530e-13 -1.43884904e-13]
[-5.77315973e-15 -2.69118061e-13 -6.39488462e-14]
[ 9.94759830e-14 -2.77999845e-13 -1.66977543e-13]
[-6.78346268e-14 -2.30038211e-13 -1.09245946e-13]
[ 5.21804822e-14 -2.22044605e-13 -1.81632487e-13]
[ 6.03961325e-14 -2.32702746e-13 -1.19904087e-13]
[-7.54951657e-15 -2.13162821e-13 -9.05941988e-14]
[ 1.01696429e-13 -2.41584530e-13 -5.32907052e-14]
[ 1.28785871e-14 -2.23820962e-13 -1.42108547e-13]
[-8.43769499e-14 -2.20268248e-13 -1.17239551e-13]
[-5.77315973e-15 -2.30926389e-13 -1.15463195e-13]
[-6.43929354e-14 -2.41584530e-13 -4.08562073e-14]
[ 6.48370246e-14 -2.38031816e-13 -8.70414851e-14]
[ 5.90638649e-14 -2.45137244e-13 -7.46069873e-14]
[-7.94919686e-14 -2.20268248e-13 -1.08357767e-13]
[-3.81916720e-14 -2.55795385e-13 -7.10542736e-14]
[ 2.39808173e-14 -2.38031816e-13 -9.23705556e-14]
[ 4.17443857e-14 -2.38031816e-13 -8.70414851e-14]
[-4.61852778e-14 -2.62900812e-13 -6.39488462e-14]
[-6.75015599e-14 -2.59348099e-13 -9.23705556e-14]
[ 2.75335310e-14 -2.87769808e-13 -5.86197757e-14]
[-1.55431223e-14 -2.87769808e-13 -6.92779167e-14]
[ 2.79776202e-14 -2.84217094e-13 -7.81597009e-14]
[-5.59552404e-14 -2.70006240e-13 -4.79616347e-14]
[ 4.17443857e-14 -2.59348099e-13 -9.94759830e-14]
[-3.55271368e-15 -2.66453526e-13 -1.38555833e-13]
[-3.33066907e-14 -2.73558953e-13 -9.76996262e-14]
[-4.88498131e-15 -2.73558953e-13 -7.46069873e-14]
[ 2.39808173e-14 -2.70006240e-13 -1.22568622e-13]
[-9.76996262e-15 -2.66453526e-13 -1.40332190e-13]
[ 5.32907052e-15 -2.98427949e-13 -8.52651283e-14]
[ 2.39808173e-14 -3.12638804e-13 -9.94759830e-14]
[-1.90958360e-14 -2.87769808e-13 -9.59232693e-14]
[-8.21565038e-14 -3.19744231e-13 -7.10542736e-14]
[-8.74855743e-14 -3.37507799e-13 -1.10134124e-13]
[-3.10862447e-14 -2.98427949e-13 -6.03961325e-14]
[-5.37347944e-14 -3.30402372e-13 -9.23705556e-14]
[-4.88498131e-15 -3.48165941e-13 -9.41469125e-14]
[-1.28341782e-13 -3.23296945e-13 -6.03961325e-14]
[-7.06101844e-14 -2.80664381e-13 -6.39488462e-14]
[-3.95239397e-14 -3.23296945e-13  8.88178420e-15]
[ 2.66453526e-15 -3.33955086e-13 -6.03961325e-14]
[-2.35367281e-14 -2.87769808e-13 -7.81597009e-14]
[-2.66453526e-15 -3.01980663e-13 -8.70414851e-14]
[-3.68594044e-14 -2.70006240e-13 -1.17239551e-13]
[-3.90798505e-14 -3.16191517e-13 -4.26325641e-14]
[-3.28626015e-14 -3.30402372e-13 -8.34887715e-14]
[-5.72875081e-14 -3.41060513e-13 -6.75015599e-14]
[-6.97220059e-14 -3.69482223e-13 -5.68434189e-14]
[-1.73194792e-14 -3.69482223e-13 -1.08357767e-13]
[-3.73034936e-14 -3.37507799e-13 -4.79616347e-14]
[-3.77475828e-14 -3.23296945e-13 -9.23705556e-14]
[-1.01696429e-13 -3.41060513e-13 -1.15463195e-13]
[-8.70414851e-14 -3.05533376e-13 -8.88178420e-14]
[-1.66089364e-13 -3.30402372e-13 -1.27897692e-13]
[-9.85878046e-14 -3.12638804e-13 -4.08562073e-14]
[-1.06581410e-13 -3.44613227e-13 -7.46069873e-14]
[-6.83897383e-14 -3.44613227e-13 -5.32907052e-14]
[-8.52651283e-14 -3.41060513e-13 -8.34887715e-14]
[-1.33226763e-14 -3.05533376e-13 -5.32907052e-14]
[-7.19424520e-14 -3.12638804e-13 -4.97379915e-14]
[-6.03961325e-14 -3.19744231e-13 -8.34887715e-14]
[-1.10134124e-13 -2.87769808e-13 -1.59872116e-14]
[-7.72715225e-14 -3.65929509e-13 -5.68434189e-14]
[-1.39888101e-13 -3.16191517e-13 -1.06581410e-14]
[-1.15907284e-13 -2.87769808e-13 -6.39488462e-14]
[-7.54951657e-14 -2.98427949e-13 -2.13162821e-14]
[-8.88178420e-14 -3.12638804e-13 -8.17124146e-14]
[-7.19424520e-14 -3.26849658e-13 -4.97379915e-14]
[-1.15019105e-13 -3.16191517e-13 -7.46069873e-14]
[-9.45910017e-14 -3.51718654e-13 -7.10542736e-14]
[-6.97220059e-14 -2.94875235e-13 -8.17124146e-14]
[-5.28466160e-14 -3.19744231e-13 -9.94759830e-14]
[-4.75175455e-14 -2.84217094e-13 -5.15143483e-14]
[-4.66293670e-14 -3.26849658e-13 -1.27897692e-13]
[-5.81756865e-14 -3.12638804e-13 -9.76996262e-14]
[-5.68434189e-14 -3.09086090e-13 -1.20792265e-13]
[-4.92939023e-14 -3.05533376e-13 -5.86197757e-14]
[-8.03801470e-14 -3.41060513e-13 -1.03028697e-13]
[-3.95239397e-14 -3.48165941e-13 -4.44089210e-14]
[-4.26325641e-14 -3.48165941e-13 -3.37507799e-14]
[-2.66453526e-14 -3.09086090e-13 -8.34887715e-14]
[-1.95399252e-14 -3.55271368e-13 -1.06581410e-13]
[-2.44249065e-14 -3.05533376e-13 -1.24344979e-13]
[-4.92939023e-14 -3.51718654e-13 -6.75015599e-14]
[-2.30926389e-14 -3.12638804e-13 -9.41469125e-14]
[-2.39808173e-14 -3.37507799e-13 -9.05941988e-14]
[-4.44089210e-15 -3.65929509e-13 -6.92779167e-14]
[-7.10542736e-15 -3.23296945e-13 -9.23705556e-14]
[ 2.13162821e-14 -3.30402372e-13 -1.04805054e-13]
[-1.95399252e-14 -3.26849658e-13 -1.08357767e-13]
[-2.30926389e-14 -3.26849658e-13 -7.99360578e-14]
[-2.13162821e-14 -3.09086090e-13 -9.59232693e-14]
[-2.30926389e-14 -3.57047725e-13 -8.17124146e-14]
[ 7.10542736e-15 -3.49942297e-13 -7.81597009e-14]
[-7.10542736e-15 -3.42836870e-13 -9.41469125e-14]
[-1.06581410e-14 -2.85993451e-13 -7.10542736e-14]
[-1.06581410e-14 -3.90798505e-13 -4.44089210e-14]
[-1.77635684e-14 -3.30402372e-13 -5.68434189e-14]
[-7.10542736e-15 -3.01980663e-13 -1.42108547e-14]
[-3.55271368e-15 -3.03757020e-13 -8.70414851e-14]
[-7.10542736e-15 -2.77111667e-13 -5.50670620e-14]
[-2.13162821e-14 -2.80664381e-13 -1.77635684e-14]
[-1.42108547e-14 -2.50466314e-13 -5.68434189e-14]
[-3.19744231e-14 -3.17967874e-13 -3.01980663e-14]
[-1.42108547e-14 -2.80664381e-13 -7.81597009e-14]
[-2.13162821e-14 -2.78888024e-13 -7.99360578e-14]
[-2.48689958e-14 -3.03757020e-13 -4.08562073e-14]
[-2.84217094e-14 -3.25073302e-13 -5.86197757e-14]
[-3.19744231e-14 -3.37507799e-13 -4.97379915e-14]
[-2.84217094e-14 -2.96651592e-13 -6.57252031e-14]
[-3.19744231e-14 -3.55271368e-13 -6.75015599e-14]
[-4.61852778e-14 -3.32178729e-13 -9.05941988e-14]
[-2.48689958e-14 -3.23296945e-13 -3.37507799e-14]
[-3.90798505e-14 -2.98427949e-13 -7.28306304e-14]
[-3.55271368e-14 -2.91322522e-13 -7.81597009e-14]
[-4.97379915e-14 -2.93098879e-13 -2.84217094e-14]
[-3.19744231e-14 -3.00204306e-13 -4.26325641e-14]
[-7.10542736e-15 -2.00728323e-13 -4.26325641e-14]
[-1.77635684e-14 -2.16715534e-13 -7.81597009e-14]
[-3.90798505e-14 -2.68229883e-13 -4.08562073e-14]
[-7.10542736e-15 -2.73558953e-13 -6.39488462e-14]
[-5.32907052e-14 -2.54019028e-13 -6.39488462e-14]
[-2.84217094e-14 -3.07309733e-13 -6.92779167e-14]
[-3.19744231e-14 -2.13162821e-13 -6.92779167e-14]
[-3.55271368e-14 -3.09086090e-13 -9.94759830e-14]
[-2.84217094e-14 -2.11386464e-13 -5.86197757e-14]
[-3.55271368e-14 -2.93098879e-13 -6.57252031e-14]
[-1.06581410e-14 -2.70006240e-13 -1.08357767e-13]
[-4.26325641e-14 -2.85993451e-13 -9.41469125e-14]
[-3.90798505e-14 -2.70006240e-13 -8.52651283e-14]
[-1.42108547e-14 -2.30926389e-13 -4.79616347e-14]
[-7.10542736e-15 -2.29150032e-13 -5.32907052e-14]
[-1.06581410e-14 -3.42836870e-13 -9.23705556e-14]
[ 3.55271368e-15 -2.85993451e-13 -8.17124146e-14]
[-1.06581410e-14 -2.68229883e-13 -4.44089210e-14]
[-2.13162821e-14 -2.87769808e-13 -8.70414851e-14]
[-2.48689958e-14 -3.03757020e-13 -1.10134124e-13]
[-2.84217094e-14 -2.84217094e-13 -1.15463195e-13]
[-3.55271368e-14 -2.61124455e-13 -9.94759830e-14]
[-3.55271368e-14 -2.36255460e-13 -8.52651283e-14]
[-5.32907052e-14 -2.73558953e-13 -1.13686838e-13]
[-4.97379915e-14 -3.23296945e-13 -8.52651283e-14]
[-3.55271368e-14 -2.91322522e-13 -7.99360578e-14]
[-2.84217094e-14 -3.35731443e-13 -9.59232693e-14]
[-3.19744231e-14 -2.98427949e-13 -9.23705556e-14]
[-4.26325641e-14 -2.75335310e-13 -8.34887715e-14]
[-3.55271368e-14 -2.71782596e-13 -9.76996262e-14]
[-2.48689958e-14 -2.96651592e-13 -8.17124146e-14]
[-3.55271368e-14 -3.14415161e-13 -7.46069873e-14]
[-2.48689958e-14 -2.87769808e-13 -1.01252340e-13]
[-3.19744231e-14 -3.28626015e-13 -5.86197757e-14]
[-3.55271368e-14 -3.09086090e-13 -6.03961325e-14]
[-4.97379915e-14 -3.16191517e-13 -3.90798505e-14]
[-2.48689958e-14 -2.85993451e-13 -3.55271368e-14]
[-4.97379915e-14 -3.19744231e-13 -6.21724894e-14]
[-4.26325641e-14 -3.19744231e-13 -5.68434189e-14]
[-6.03961325e-14 -3.23296945e-13 -5.32907052e-14]
[-5.32907052e-14 -3.14415161e-13 -7.46069873e-14]
[-4.26325641e-14 -3.23296945e-13 -5.15143483e-14]
[-6.03961325e-14 -3.12638804e-13 -4.97379915e-14]
[-4.61852778e-14 -3.26849658e-13 -7.10542736e-14]
[-4.26325641e-14 -3.10862447e-13 -9.05941988e-14]
[-4.26325641e-14 -3.35731443e-13 -7.46069873e-14]
[-6.03961325e-14 -3.35731443e-13 -7.63833441e-14]
[-3.55271368e-14 -3.35731443e-13 -9.23705556e-14]
[-6.75015599e-14 -3.14415161e-13 -1.29674049e-13]
[-8.17124146e-14 -3.16191517e-13 -1.15463195e-13]
[-6.39488462e-14 -2.87769808e-13 -1.08357767e-13]
[-8.88178420e-14 -3.19744231e-13 -8.17124146e-14]
[-7.10542736e-14 -3.78364007e-13 -1.06581410e-13]
[-7.10542736e-14 -3.48165941e-13 -7.99360578e-14]
[-9.23705556e-14 -2.93098879e-13 -1.15463195e-13]
[-9.59232693e-14 -3.35731443e-13 -9.94759830e-14]
[-1.03028697e-13 -3.39284156e-13 -8.17124146e-14]
[-8.17124146e-14 -3.49942297e-13 -7.10542736e-14]
[-8.88178420e-14 -3.12638804e-13 -1.24344979e-13]
[-1.13686838e-13 -3.62376795e-13 -1.15463195e-13]
[-1.17239551e-13 -3.14415161e-13 -1.42108547e-13]
[-9.23705556e-14 -3.28626015e-13 -1.26121336e-13]
[-9.23705556e-14 -3.69482223e-13 -1.13686838e-13]
[-8.52651283e-14 -3.90798505e-13 -1.17239551e-13]
[-7.10542736e-14 -3.57047725e-13 -1.40332190e-13]
[-9.59232693e-14 -3.44613227e-13 -9.94759830e-14]
[-1.10134124e-13 -3.14415161e-13 -9.76996262e-14]
[-6.39488462e-14 -3.64153152e-13 -1.27897692e-13]
[-1.06581410e-13 -3.33955086e-13 -1.27897692e-13]
[-7.81597009e-14 -3.16191517e-13 -1.08357767e-13]
[-4.97379915e-14 -3.65929509e-13 -1.49213975e-13]
[-8.52651283e-14 -3.05533376e-13 -1.15463195e-13]
[-4.26325641e-14 -4.01456646e-13 -1.33226763e-13]
[-4.97379915e-14 -3.78364007e-13 -1.11910481e-13]
[-4.26325641e-14 -3.53495011e-13 -1.01252340e-13]
[-6.39488462e-14 -4.28101998e-13 -1.36779477e-13]
[-5.68434189e-14 -4.12114787e-13 -1.56319402e-13]
[-6.03961325e-14 -3.90798505e-13 -1.06581410e-13]
[-4.97379915e-14 -4.42312853e-13 -1.33226763e-13]
[-6.39488462e-14 -3.92574862e-13 -1.22568622e-13]
[-6.03961325e-14 -3.92574862e-13 -1.42108547e-13]
[-7.46069873e-14 -4.12114787e-13 -1.06581410e-13]
[-6.03961325e-14 -3.57047725e-13 -1.24344979e-13]
[-5.68434189e-14 -4.51194637e-13 -1.15463195e-13]
[-4.97379915e-14 -3.83693077e-13 -1.36779477e-13]
[-5.68434189e-14 -3.99680289e-13 -9.76996262e-14]
[-7.46069873e-14 -3.39284156e-13 -1.40332190e-13]
[-6.39488462e-14 -3.76587650e-13 -1.10134124e-13]
[-6.03961325e-14 -4.13891144e-13 -1.33226763e-13]
[-7.10542736e-14 -4.26325641e-13 -1.52766688e-13]
[-6.39488462e-14 -4.03233003e-13 -1.68753900e-13]
[-1.17239551e-13 -3.62376795e-13 -1.33226763e-13]
[-7.46069873e-14 -3.60600438e-13 -1.27897692e-13]
[-9.23705556e-14 -3.97903932e-13 -1.74082970e-13]
[-8.52651283e-14 -4.13891144e-13 -1.74082970e-13]
[-8.17124146e-14 -4.13891144e-13 -1.42108547e-13]
[-8.17124146e-14 -4.19220214e-13 -1.91846539e-13]
[-1.06581410e-13 -4.12114787e-13 -1.98951966e-13]
[-9.94759830e-14 -3.97903932e-13 -1.22568622e-13]
[-1.31450406e-13 -3.99680289e-13 -1.56319402e-13]
[-9.59232693e-14 -3.74811293e-13 -1.54543045e-13]
[-1.06581410e-13 -4.06785716e-13 -1.35003120e-13]
[-1.20792265e-13 -3.81916720e-13 -1.66977543e-13]
[-9.23705556e-14 -4.12114787e-13 -1.98951966e-13]
[-1.10134124e-13 -3.90798505e-13 -1.54543045e-13]
[-1.35003120e-13 -3.94351218e-13 -1.70530257e-13]
[-1.20792265e-13 -3.92574862e-13 -1.45661261e-13]
[-1.42108547e-13 -3.94351218e-13 -1.45661261e-13]
[-1.38555833e-13 -3.46389584e-13 -1.59872116e-13]
[-1.45661261e-13 -3.90798505e-13 -1.10134124e-13]
[-1.27897692e-13 -3.92574862e-13 -1.63424829e-13]
[-1.59872116e-13 -4.22772928e-13 -1.61648472e-13]
[-1.38555833e-13 -4.13891144e-13 -1.24344979e-13]
[-1.31450406e-13 -4.31654712e-13 -1.54543045e-13]
[-1.35003120e-13 -4.38760139e-13 -2.02504680e-13]
[-1.10134124e-13 -4.44089210e-13 -1.36779477e-13]
[-1.31450406e-13 -4.42312853e-13 -1.10134124e-13]
[-1.38555833e-13 -4.40536496e-13 -2.09610107e-13]
[-1.24344979e-13 -4.05009359e-13 -1.58095759e-13]
[-9.23705556e-14 -4.24549285e-13 -1.31450406e-13]
[-9.59232693e-14 -4.08562073e-13 -1.98951966e-13]
[-9.94759830e-14 -4.15667500e-13 -1.66977543e-13]
[-1.17239551e-13 -3.41060513e-13 -1.10134124e-13]
[-1.13686838e-13 -4.05009359e-13 -1.77635684e-13]
[-1.20792265e-13 -4.31654712e-13 -1.17239551e-13]
[-1.31450406e-13 -3.49942297e-13 -1.66977543e-13]
[-1.10134124e-13 -3.62376795e-13 -1.24344979e-13]
[-1.45661261e-13 -3.96127575e-13 -1.06581410e-13]
[-1.56319402e-13 -3.83693077e-13 -1.38555833e-13]
[-1.45661261e-13 -3.92574862e-13 -9.23705556e-14]
[-1.42108547e-13 -3.60600438e-13 -1.65201186e-13]
[-1.56319402e-13 -3.90798505e-13 -1.90070182e-13]
[-1.35003120e-13 -4.01456646e-13 -1.42108547e-13]
[-1.42108547e-13 -4.08562073e-13 -1.56319402e-13]
[-1.38555833e-13 -3.85469434e-13 -1.65201186e-13]
[-1.27897692e-13 -3.80140364e-13 -1.66977543e-13]
[-1.42108547e-13 -4.47641924e-13 -1.04805054e-13]
[-1.49213975e-13 -3.97903932e-13 -1.59872116e-13]
[-1.31450406e-13 -3.73034936e-13 -1.58095759e-13]
[-1.66977543e-13 -3.92574862e-13 -9.59232693e-14]
[-1.74082970e-13 -3.78364007e-13 -1.13686838e-13]
[-1.42108547e-13 -3.83693077e-13 -1.03028697e-13]
[-1.74082970e-13 -3.73034936e-13 -1.43884904e-13]
[-1.42108547e-13 -3.69482223e-13 -1.08357767e-13]
[-1.59872116e-13 -2.89546165e-13 -1.42108547e-13]
[-1.49213975e-13 -3.83693077e-13 -9.23705556e-14]
[-1.70530257e-13 -3.85469434e-13 -9.41469125e-14]
[-1.74082970e-13 -3.51718654e-13 -1.31450406e-13]
[-1.42108547e-13 -3.81916720e-13 -1.08357767e-13]
[-1.77635684e-13 -3.87245791e-13 -1.22568622e-13]
[-1.66977543e-13 -3.57047725e-13 -1.03028697e-13]
[-1.70530257e-13 -3.25073302e-13 -1.31450406e-13]
[-1.56319402e-13 -4.17443857e-13 -7.99360578e-14]
[-2.02504680e-13 -3.51718654e-13 -9.05941988e-14]
[-1.56319402e-13 -3.87245791e-13 -1.15463195e-13]
[-1.81188398e-13 -4.15667500e-13 -1.22568622e-13]
[-1.56319402e-13 -3.96127575e-13 -1.03028697e-13]
[-1.45661261e-13 -3.94351218e-13 -1.19015908e-13]
[-1.84741111e-13 -4.08562073e-13 -1.11910481e-13]
[-1.38555833e-13 -3.89022148e-13 -1.10134124e-13]
[-2.23820962e-13 -3.73034936e-13 -8.52651283e-14]
[-1.84741111e-13 -4.36983782e-13 -1.19015908e-13]
[-2.09610107e-13 -3.99680289e-13 -1.03028697e-13]
[-1.98951966e-13 -3.65929509e-13 -1.33226763e-13]
[-1.81188398e-13 -4.01456646e-13 -1.04805054e-13]
[-1.88293825e-13 -4.15667500e-13 -1.31450406e-13]
[-2.13162821e-13 -4.06785716e-13 -1.20792265e-13]
[-1.77635684e-13 -4.29878355e-13 -1.29674049e-13]
[-2.02504680e-13 -4.03233003e-13 -1.15463195e-13]
[-2.02504680e-13 -3.67705866e-13 -1.10134124e-13]
[-2.23820962e-13 -3.90798505e-13 -1.27897692e-13]
[-1.98951966e-13 -3.83693077e-13 -1.08357767e-13]
[-2.06057393e-13 -3.94351218e-13 -1.01252340e-13]
[-1.74082970e-13 -4.06785716e-13 -1.42108547e-13]
[-2.09610107e-13 -4.06785716e-13 -1.24344979e-13]
[-1.91846539e-13 -4.26325641e-13 -1.22568622e-13]
[-2.38031816e-13 -3.92574862e-13 -1.10134124e-13]
[-1.84741111e-13 -4.42312853e-13 -1.13686838e-13]
[-1.84741111e-13 -4.24549285e-13 -1.11910481e-13]
[-1.81188398e-13 -4.19220214e-13 -1.24344979e-13]
[-1.77635684e-13 -4.15667500e-13 -1.36779477e-13]
[-2.13162821e-13 -4.38760139e-13 -1.06581410e-13]
[-1.74082970e-13 -4.05009359e-13 -9.59232693e-14]
[-1.35003120e-13 -4.20996571e-13 -7.81597009e-14]
[-1.74082970e-13 -4.01456646e-13 -1.15463195e-13]
[-2.09610107e-13 -4.03233003e-13 -1.27897692e-13]
[-2.16715534e-13 -3.94351218e-13 -1.08357767e-13]
[-1.95399252e-13 -4.19220214e-13 -1.29674049e-13]
[-1.88293825e-13 -4.19220214e-13 -1.17239551e-13]
[-1.74082970e-13 -4.28101998e-13 -1.40332190e-13]
[-2.20268248e-13 -4.29878355e-13 -9.76996262e-14]
[-2.06057393e-13 -4.40536496e-13 -1.29674049e-13]
[-2.06057393e-13 -4.26325641e-13 -1.03028697e-13]
[-1.95399252e-13 -3.85469434e-13 -1.33226763e-13]
[-2.27373675e-13 -4.54747351e-13 -1.01252340e-13]
[-1.77635684e-13 -4.68958206e-13 -9.23705556e-14]
[-1.66977543e-13 -4.29878355e-13 -1.08357767e-13]
[-1.66977543e-13 -4.47641924e-13 -1.42108547e-13]
[-1.84741111e-13 -4.72510919e-13 -1.40332190e-13]
[-1.74082970e-13 -4.72510919e-13 -1.27897692e-13]
[-2.09610107e-13 -4.61852778e-13 -1.11910481e-13]
[-2.02504680e-13 -4.31654712e-13 -1.36779477e-13]
[-2.02504680e-13 -4.35207426e-13 -1.42108547e-13]
[-1.66977543e-13 -4.40536496e-13 -1.56319402e-13]
[-1.98951966e-13 -4.40536496e-13 -1.47437618e-13]
[-1.63424829e-13 -4.42312853e-13 -1.81188398e-13]
[-2.09610107e-13 -4.13891144e-13 -1.59872116e-13]
[-1.91846539e-13 -4.08562073e-13 -1.79412041e-13]
[-2.02504680e-13 -4.15667500e-13 -1.81188398e-13]
[-1.88293825e-13 -4.03233003e-13 -1.58095759e-13]
[-1.91846539e-13 -4.24549285e-13 -1.88293825e-13]
[-1.70530257e-13 -4.52970994e-13 -1.95399252e-13]
[-1.31450406e-13 -3.89022148e-13 -1.81188398e-13]
[-1.35003120e-13 -3.62376795e-13 -1.70530257e-13]
[-1.66977543e-13 -4.01456646e-13 -1.74082970e-13]
[-1.59872116e-13 -3.83693077e-13 -1.88293825e-13]
[-1.10134124e-13 -4.17443857e-13 -1.79412041e-13]
[-1.45661261e-13 -3.67705866e-13 -1.61648472e-13]
[-1.98951966e-13 -3.94351218e-13 -2.13162821e-13]
[-1.77635684e-13 -3.76587650e-13 -1.68753900e-13]
[-1.49213975e-13 -3.89022148e-13 -1.61648472e-13]
[-1.66977543e-13 -3.80140364e-13 -1.54543045e-13]
[-1.59872116e-13 -3.81916720e-13 -1.72306613e-13]
[-2.20268248e-13 -3.92574862e-13 -1.86517468e-13]
[-1.49213975e-13 -4.19220214e-13 -1.59872116e-13]
[-1.03028697e-13 -3.64153152e-13 -1.79412041e-13]
[-1.63424829e-13 -4.12114787e-13 -1.65201186e-13]
[-1.10134124e-13 -4.22772928e-13 -1.70530257e-13]
[-1.27897692e-13 -4.19220214e-13 -1.79412041e-13]
[-1.70530257e-13 -3.95239397e-13 -1.91846539e-13]
[-1.38555833e-13 -3.26849658e-13 -1.90070182e-13]
[-8.52651283e-14 -3.85469434e-13 -1.81188398e-13]
[-9.59232693e-14 -3.77475828e-13 -1.93622895e-13]
[-1.49213975e-13 -3.78364007e-13 -1.84741111e-13]
[-1.35003120e-13 -4.19220214e-13 -1.90070182e-13]
[-1.30562228e-13 -3.93463040e-13 -1.97175609e-13]
[-1.32338585e-13 -3.56825680e-13 -1.77635684e-13]
[-1.10134124e-13 -3.63042929e-13 -1.65201186e-13]
[-7.01660952e-14 -3.74700271e-13 -1.70530257e-13]
[-1.31450406e-13 -3.18856053e-13 -1.75859327e-13]
[-1.29674049e-13 -3.52606833e-13 -2.13162821e-13]
[-1.27897692e-13 -3.81472631e-13 -2.02504680e-13]
[-1.03028697e-13 -3.61044528e-13 -2.14939178e-13]
[-1.43884904e-13 -3.63931107e-13 -1.74082970e-13]
[-1.50990331e-13 -3.95905531e-13 -1.68753900e-13]
[-1.59872116e-13 -3.71036535e-13 -1.65201186e-13]
[-1.19015908e-13 -3.79030141e-13 -1.52766688e-13]
[-1.68753900e-13 -3.59046126e-13 -1.88293825e-13]
[-1.63424829e-13 -3.34621220e-13 -1.86517468e-13]
[-1.24344979e-13 -3.50608431e-13 -2.32702746e-13]
[-9.94759830e-14 -3.77031739e-13 -1.72306613e-13]
[-1.31450406e-13 -3.25295346e-13 -1.11910481e-13]
[-1.70530257e-13 -4.17665902e-13 -1.70530257e-13]
[-1.61648472e-13 -3.78364007e-13 -1.91846539e-13]
[-1.33226763e-13 -4.25659508e-13 -1.68753900e-13]
[-8.17124146e-14 -4.05675493e-13 -1.31450406e-13]
[-1.45661261e-13 -3.78364007e-13 -2.22044605e-13]
[-1.17239551e-13 -3.88800103e-13 -2.16715534e-13]
[-1.33226763e-13 -3.88578059e-13 -1.90070182e-13]
[-1.82964754e-13 -3.70148356e-13 -1.29674049e-13]
[-1.52766688e-13 -4.04565270e-13 -1.35003120e-13]
[-9.94759830e-14 -3.89910326e-13 -1.49213975e-13]
[-1.52766688e-13 -3.77697873e-13 -1.38555833e-13]
[-8.52651283e-14 -3.63598041e-13 -1.77635684e-13]
[-1.06581410e-13 -3.33510997e-13 -1.70530257e-13]
[-9.68114477e-14 -4.08562073e-13 -1.66977543e-13]
[-1.11910481e-13 -3.78364007e-13 -1.74082970e-13]
[-1.15907284e-13 -4.15667500e-13 -1.24344979e-13]
[-1.16795462e-13 -4.12114787e-13 -1.77635684e-13]
[-1.82076576e-13 -4.19220214e-13 -1.95399252e-13]
[-1.48325796e-13 -4.36983782e-13 -1.81188398e-13]
[-1.54543045e-13 -4.05009359e-13 -1.59872116e-13]
[-1.58095759e-13 -3.94351218e-13 -1.38555833e-13]
[-1.49213975e-13 -4.08562073e-13 -1.35003120e-13]
[-1.31450406e-13 -3.97903932e-13 -1.52766688e-13]
[-1.26121336e-13 -4.40536496e-13 -1.38555833e-13]
[-1.40332190e-13 -3.90798505e-13 -1.63424829e-13]
[-1.70530257e-13 -3.97903932e-13 -1.59872116e-13]
[-1.75859327e-13 -4.29878355e-13 -1.66977543e-13]
[-1.10134124e-13 -3.80140364e-13 -1.66977543e-13]
[-1.13686838e-13 -4.01456646e-13 -1.91846539e-13]
[-1.42108547e-13 -4.08562073e-13 -1.27897692e-13]
[-1.38555833e-13 -3.41060513e-13 -1.66977543e-13]
[-1.27897692e-13 -3.69482223e-13 -1.88293825e-13]
[-1.36779477e-13 -3.87245791e-13 -1.84741111e-13]
[-1.33226763e-13 -4.12114787e-13 -1.63424829e-13]
[-1.49213975e-13 -3.90798505e-13 -2.38031816e-13]
[-1.31450406e-13 -3.69482223e-13 -1.98951966e-13]
[-1.20792265e-13 -3.33955086e-13 -1.45661261e-13]
[-1.29674049e-13 -4.05009359e-13 -1.90070182e-13]
[-1.31450406e-13 -3.97903932e-13 -2.23820962e-13]
[-1.26121336e-13 -4.05009359e-13 -1.13686838e-13]
[-1.42108547e-13 -3.62376795e-13 -1.50990331e-13]
[-1.31450406e-13 -4.19220214e-13 -2.40696352e-13]
[-1.49213975e-13 -3.48165941e-13 -1.64313008e-13]
[-1.27897692e-13 -3.69482223e-13 -1.51878510e-13]
[-1.56319402e-13 -4.19220214e-13 -1.00364161e-13]
[-1.45661261e-13 -4.19220214e-13 -1.71418435e-13]
[-1.42108547e-13 -3.83693077e-13 -1.37667655e-13]
[-1.66977543e-13 -3.55271368e-13 -2.62900812e-13]
[-1.66977543e-13 -3.26849658e-13 -1.66977543e-13]
[-1.66977543e-13 -3.41060513e-13 -1.82964754e-13]
[-1.56319402e-13 -2.98427949e-13 -1.73194792e-13]
[-1.45661261e-13 -3.76587650e-13 -3.17967874e-13]
[-1.66977543e-13 -3.26849658e-13 -2.09610107e-13]
[-1.45661261e-13 -3.33955086e-13 -2.63788991e-13]
[-1.59872116e-13 -3.48165941e-13 -1.84741111e-13]
[-1.42108547e-13 -3.48165941e-13 -2.38919995e-13]
[-1.42108547e-13 -3.33955086e-13 -2.03392858e-13]
[-1.63424829e-13 -3.12638804e-13 -2.21156427e-13]
[-1.49213975e-13 -3.55271368e-13 -1.93622895e-13]
[-1.52766688e-13 -3.90798505e-13 -2.22044605e-13]
[-1.59872116e-13 -3.33955086e-13 -1.58983937e-13]
[-1.45661261e-13 -3.41060513e-13 -2.22044605e-13]
[-1.81188398e-13 -3.48165941e-13 -1.94511074e-13]
[-1.66977543e-13 -3.48165941e-13 -1.71418435e-13]
[-1.63424829e-13 -3.19744231e-13 -2.54907206e-13]
[-1.63424829e-13 -3.05533376e-13 -1.84741111e-13]
[-1.49213975e-13 -3.19744231e-13 -2.17603713e-13]
[-1.49213975e-13 -3.41060513e-13 -2.54907206e-13]
[-1.31450406e-13 -3.33955086e-13 -2.10498285e-13]
[-1.66977543e-13 -3.12638804e-13 -2.07833750e-13]
[-1.63424829e-13 -3.55271368e-13 -1.78523862e-13]
[-1.52766688e-13 -3.55271368e-13 -3.28626015e-13]
[-1.59872116e-13 -3.55271368e-13 -2.35367281e-13]
[-1.88293825e-13 -3.19744231e-13 -2.29150032e-13]
[-1.42108547e-13 -3.55271368e-13 -2.77999845e-13]
[-1.59872116e-13 -3.69482223e-13 -1.92734717e-13]
[-1.38555833e-13 -3.90798505e-13 -1.18127730e-13]
[-1.42108547e-13 -3.12638804e-13 -2.87769808e-13]
[-1.45661261e-13 -3.62376795e-13 -2.25597319e-13]
[-1.56319402e-13 -3.48165941e-13 -3.13526982e-13]
[-1.52766688e-13 -3.97903932e-13 -3.09086090e-13]
[-1.65201186e-13 -3.55271368e-13 -2.26485497e-13]
[-1.54543045e-13 -3.69482223e-13 -2.51354493e-13]
[-1.81188398e-13 -3.74811293e-13 -3.51718654e-13]
[-1.59872116e-13 -3.73034936e-13 -1.97175609e-13]
[-1.86517468e-13 -3.97459843e-13 -1.77635684e-13]
[-1.68753900e-13 -3.50164342e-13 -3.23296945e-13]
[-1.77635684e-13 -3.15636406e-13 -3.69482223e-13]
[-1.58095759e-13 -3.98625577e-13 -2.06057393e-13]
[-1.98951966e-13 -3.31859540e-13 -3.58824082e-13]
[-2.00728323e-13 -3.25003913e-13 -2.41584530e-13]
[-1.90070182e-13 -3.32324446e-13 -2.43360887e-13]
[-1.68753900e-13 -3.30339922e-13 -2.59348099e-13]
[-1.56319402e-13 -3.37507799e-13 -3.25073302e-13]
[-1.42108547e-13 -3.38465367e-13 -2.78888024e-13]
[-1.40332190e-13 -3.42989526e-13 -2.55795385e-13]
[-1.54543045e-13 -3.45820594e-13 -3.14415161e-13]
[-1.75859327e-13 -3.59968999e-13 -2.94875235e-13]
[-1.86517468e-13 -3.53390928e-13 -2.41584530e-13]
[-1.47437618e-13 -3.60704522e-13 -2.52242671e-13]
[-2.27373675e-13 -3.40026618e-13 -2.71782596e-13]
[-1.86517468e-13 -3.78454212e-13 -2.96651592e-13]
[-2.07833750e-13 -3.91950361e-13 -2.96651592e-13]
[-2.04281037e-13 -3.53564400e-13 -2.85993451e-13]
[-2.22044605e-13 -3.55181162e-13 -2.46913601e-13]
[-1.27897692e-13 -3.28265193e-13 -2.91322522e-13]
[-1.13686838e-13 -3.74741904e-13 -2.55795385e-13]
[-1.54543045e-13 -3.40172335e-13 -2.70006240e-13]
[-1.77635684e-13 -3.58990615e-13 -2.78888024e-13]
[-1.54543045e-13 -3.89147048e-13 -2.78888024e-13]
[-1.38555833e-13 -4.05488143e-13 -2.23820962e-13]
[-1.61648472e-13 -3.41046635e-13 -2.52242671e-13]
[-1.45661261e-13 -3.01307590e-13 -2.29150032e-13]
[-1.52766688e-13 -3.67490760e-13 -2.62900812e-13]
[-1.58095759e-13 -3.04090086e-13 -2.82440737e-13]
[-1.47437618e-13 -3.15802939e-13 -2.59348099e-13]
[-1.49213975e-13 -4.02407274e-13 -2.32702746e-13]
[-1.24344979e-13 -2.90968638e-13 -2.59348099e-13]
[-1.50990331e-13 -3.42247064e-13 -2.68229883e-13]
[-1.43884904e-13 -2.90822921e-13 -2.73558953e-13]
[-1.52766688e-13 -3.55139529e-13 -2.62900812e-13]
[-1.35003120e-13 -3.27966820e-13 -2.25597319e-13]
[-1.19015908e-13 -2.93896851e-13 -2.45137244e-13]
[-1.20792265e-13 -3.28854999e-13 -2.55795385e-13]
[-1.27897692e-13 -2.87873891e-13 -2.14939178e-13]
[-1.24344979e-13 -2.77250445e-13 -2.18491891e-13]
[-1.31450406e-13 -3.00766356e-13 -2.06057393e-13]
[-1.40332190e-13 -3.33476302e-13 -2.46913601e-13]
[-1.24344979e-13 -3.12139203e-13 -2.16715534e-13]
[-1.38555833e-13 -3.40616424e-13 -2.20268248e-13]
[-1.38555833e-13 -3.12846971e-13 -2.23820962e-13]
[-1.08357767e-13 -3.59823282e-13 -1.98951966e-13]
[-1.38555833e-13 -3.18862992e-13 -2.13162821e-13]
[-1.49213975e-13 -3.26488836e-13 -2.06057393e-13]
[-1.61648472e-13 -3.62883334e-13 -2.22044605e-13]
[-1.54543045e-13 -3.29167249e-13 -1.91846539e-13]
[-1.26121336e-13 -3.27571303e-13 -2.09610107e-13]
[-1.58095759e-13 -3.26016991e-13 -1.90070182e-13]
[-1.63424829e-13 -2.96943026e-13 -1.68753900e-13]
[-1.56319402e-13 -3.58130192e-13 -2.00728323e-13]
[-1.36779477e-13 -4.09360046e-13 -2.30926389e-13]
[-1.36779477e-13 -3.60961261e-13 -1.97175609e-13]
[-1.36779477e-13 -2.88311042e-13 -2.04281037e-13]
[-1.35003120e-13 -3.16455195e-13 -2.23820962e-13]
[-1.63424829e-13 -3.28986838e-13 -1.95399252e-13]
[-1.42108547e-13 -2.76570433e-13 -2.09610107e-13]
[-1.35003120e-13 -3.37140038e-13 -1.45661261e-13]
[-1.84741111e-13 -3.87710697e-13 -1.49213975e-13]
[-1.63424829e-13 -2.91870694e-13 -1.68753900e-13]
[-1.75859327e-13 -3.06171755e-13 -2.23820962e-13]
[-1.63424829e-13 -2.94042568e-13 -1.01252340e-13]
[-1.75859327e-13 -2.82947277e-13 -2.06057393e-13]
[-1.91846539e-13 -3.54168084e-13 -2.20268248e-13]
[-1.95399252e-13 -2.79942736e-13 -2.20268248e-13]
[-1.63424829e-13 -2.96172809e-13 -2.39808173e-13]
[-1.84741111e-13 -2.99378577e-13 -2.18491891e-13]
[-1.72306613e-13 -3.40727446e-13 -2.23820962e-13]
[-1.95399252e-13 -2.78957413e-13 -2.23820962e-13]
[-1.75859327e-13 -3.86794763e-13 -2.09610107e-13]
[-2.02504680e-13 -3.21104254e-13 -1.59872116e-13]
[-1.84741111e-13 -2.89782087e-13 -2.32702746e-13]
[-1.45661261e-13 -2.97518954e-13 -1.81188398e-13]
[-1.61648472e-13 -3.67074426e-13 -1.81188398e-13]
[-1.88293825e-13 -3.45855289e-13 -1.59872116e-13]
[-1.82964754e-13 -2.81281942e-13 -1.56319402e-13]
[-1.79412041e-13 -3.00280634e-13 -1.91846539e-13]
[-1.72306613e-13 -2.82170121e-13 -1.68753900e-13]
[-1.36779477e-13 -3.15011905e-13 -2.18491891e-13]
[-1.61648472e-13 -3.34315908e-13 -2.45137244e-13]
[-1.93622895e-13 -2.68257638e-13 -2.09610107e-13]
[-1.70530257e-13 -3.00225123e-13 -1.97175609e-13]
[-1.63424829e-13 -3.20812821e-13 -1.03028697e-13]
[-1.45661261e-13 -3.20091176e-13 -1.79412041e-13]
[-1.58095759e-13 -2.88727375e-13 -2.38031816e-13]
[-1.54543045e-13 -2.43007003e-13 -1.93622895e-13]
[-1.86517468e-13 -2.86222435e-13 -2.45137244e-13]
[-1.72306613e-13 -2.85459156e-13 -1.84741111e-13]
[-1.74082970e-13 -2.97865899e-13 -1.65201186e-13]
[-1.47437618e-13 -2.42819653e-13 -2.02504680e-13]
[-1.82964754e-13 -2.57890931e-13 -2.06057393e-13]
[-1.74082970e-13 -2.39031017e-13 -1.82964754e-13]
[-1.88293825e-13 -2.50653664e-13 -1.56319402e-13]
[-1.63424829e-13 -2.49376908e-13 -9.05941988e-14]
[-1.97175609e-13 -2.48315257e-13 -1.65201186e-13]
[-1.75859327e-13 -2.40816048e-13 -2.39808173e-13]
[-1.61648472e-13 -3.00173081e-13 -1.77635684e-13]
[-2.27373675e-13 -2.77656370e-13 -2.20268248e-13]
[-2.11386464e-13 -3.35925732e-13 -1.59872116e-13]
[-1.88293825e-13 -2.46726251e-13 -2.13162821e-13]
[-1.93622895e-13 -3.14255566e-13 -2.46913601e-13]
[-2.09610107e-13 -3.02244341e-13 -2.57571742e-13]
[-1.90070182e-13 -2.36866082e-13 -1.58095759e-13]
[-2.02504680e-13 -2.60708122e-13 -2.70006240e-13]
[-2.29150032e-13 -2.58293387e-13 -2.16715534e-13]
[-2.13162821e-13 -3.03104764e-13 -2.09610107e-13]
[-1.95399252e-13 -3.29916650e-13 -2.11386464e-13]
[-1.90070182e-13 -3.73506781e-13 -2.14939178e-13]
[-1.81188398e-13 -2.75474088e-13 -2.06057393e-13]
[-2.04281037e-13 -3.39644979e-13 -2.77111667e-13]
[-2.09610107e-13 -2.75529599e-13 -1.59872116e-13]
[-2.09610107e-13 -2.71227485e-13 -2.27373675e-13]
[-1.98951966e-13 -3.71952469e-13 -1.95399252e-13]
[-1.86517468e-13 -3.18078897e-13 -2.73558953e-13]
[-1.93622895e-13 -3.10251824e-13 -2.38031816e-13]
[-2.00728323e-13 -3.29097860e-13 -3.33955086e-13]
[-1.86517468e-13 -3.38007400e-13 -3.10862447e-13]
[-1.70530257e-13 -2.96901392e-13 -1.81188398e-13]
[-1.81188398e-13 -2.68562950e-13 -1.15463195e-13]
[-1.88293825e-13 -3.72174513e-13 -2.78888024e-13]
[-1.63424829e-13 -3.86440879e-13 -2.06057393e-13]
[-1.84741111e-13 -3.00759417e-13 -3.14415161e-13]
[-1.81188398e-13 -3.57575081e-13 -2.57571742e-13]
[-1.90070182e-13 -3.41005002e-13 -2.59348099e-13]
[-1.75859327e-13 -3.00343084e-13 -3.35731443e-13]
[-1.81188398e-13 -3.30457883e-13 -2.18491891e-13]
[-1.84741111e-13 -3.54355434e-13 -2.73558953e-13]
[-2.16715534e-13 -2.90545366e-13 -1.90070182e-13]
[-1.98951966e-13 -2.58154609e-13 -2.78888024e-13]
[-1.90070182e-13 -2.35589326e-13 -1.38555833e-13]
[-2.00728323e-13 -3.34093864e-13 -2.04281037e-13]
[-1.90070182e-13 -3.11500825e-13 -2.87769808e-13]
[-1.79412041e-13 -2.64704925e-13 -1.82964754e-13]
[-1.72306613e-13 -2.73503442e-13 -2.38031816e-13]
[-2.22044605e-13 -2.06251682e-13 -2.66453526e-13]
[-2.02504680e-13 -2.66092703e-13 -1.95399252e-13]
[-1.81188398e-13 -3.47222251e-13 -2.34479103e-13]
[-1.79412041e-13 -3.50719453e-13 -2.29150032e-13]
[-2.00728323e-13 -3.13110649e-13 -2.06057393e-13]
[-1.97175609e-13 -2.86243251e-13 -1.77635684e-13]
[-1.77635684e-13 -3.46583873e-13 -2.66453526e-13]
[-1.84741111e-13 -3.32761596e-13 -1.27897692e-13]
[-1.97175609e-13 -3.42892381e-13 -2.52242671e-13]
[-2.04281037e-13 -3.01592085e-13 -2.52242671e-13]
[-1.61648472e-13 -3.22519789e-13 -2.54019028e-13]
[-1.97175609e-13 -3.84359211e-13 -2.84217094e-13]
[-2.13162821e-13 -3.70342645e-13 -1.84741111e-13]
[-1.93622895e-13 -3.10390602e-13 -1.33226763e-13]
[-2.20268248e-13 -3.29902772e-13 -2.18491891e-13]
[-1.91846539e-13 -2.99260616e-13 -1.58095759e-13]
[-1.79412041e-13 -3.11667359e-13 -2.00728323e-13]
[-1.88293825e-13 -3.10862447e-13 -2.06057393e-13]
[-1.75859327e-13 -2.69340106e-13 -2.09610107e-13]
[-1.91846539e-13 -3.09918757e-13 -1.74082970e-13]
[-2.00728323e-13 -2.90378832e-13 -2.06057393e-13]
[-1.74082970e-13 -3.59490215e-13 -1.63424829e-13]
[-1.65201186e-13 -3.10584891e-13 -2.18491891e-13]
[-1.86517468e-13 -2.98289171e-13 -1.95399252e-13]
[-1.63424829e-13 -3.05450110e-13 -1.50990331e-13]
[-1.68753900e-13 -3.24990035e-13 -1.90070182e-13]
[-1.72306613e-13 -2.62623256e-13 -2.50466314e-13]
[-1.98951966e-13 -3.40061312e-13 -1.97175609e-13]
[-1.86517468e-13 -2.88408186e-13 -1.66977543e-13]
[-1.77635684e-13 -3.16774385e-13 -1.43884904e-13]
[-1.75859327e-13 -2.88657986e-13 -1.52766688e-13]
[-1.98951966e-13 -3.25212079e-13 -1.75859327e-13]
[-1.68753900e-13 -3.18911564e-13 -1.56319402e-13]
[-1.74082970e-13 -3.21964677e-13 -8.88178420e-14]
[-1.68753900e-13 -3.13304938e-13 -1.50990331e-13]
[-1.82964754e-13 -3.08558734e-13 -1.22568622e-13]
[-1.31450406e-13 -3.63847841e-13 -8.52651283e-14]
[-1.79412041e-13 -3.37341266e-13 -1.82964754e-13]
[-1.63424829e-13 -3.13443715e-13 -1.97175609e-13]
[-1.59872116e-13 -3.40311113e-13 -1.49213975e-13]
[-1.58095759e-13 -3.49387186e-13 -1.74082970e-13]
[-1.79412041e-13 -3.40560913e-13 -1.36779477e-13]
[-1.86517468e-13 -3.13832293e-13 -5.15143483e-14]
[-1.58095759e-13 -3.16496829e-13 -1.24344979e-13]
[-1.88293825e-13 -2.58459920e-13 -1.59872116e-13]
[-1.50990331e-13 -3.06921155e-13 -2.14939178e-13]
[-1.56319402e-13 -3.10029780e-13 -1.31450406e-13]
[-1.65201186e-13 -3.23574501e-13 -1.03028697e-13]
[-1.72306613e-13 -3.22575300e-13 -1.54543045e-13]
[-1.63424829e-13 -2.43388643e-13 -6.92779167e-14]
[-1.54543045e-13 -2.97040170e-13 -1.52766688e-13]
[-1.70530257e-13 -2.86132229e-13 -1.54543045e-13]
[-1.49213975e-13 -2.94597680e-13 -1.70530257e-13]
[-1.65201186e-13 -2.77722290e-13 -1.63424829e-13]
[-1.59872116e-13 -2.22100116e-13 -1.56319402e-13]
[-1.29674049e-13 -3.17856852e-13 -2.34479103e-13]
[-1.20792265e-13 -3.11084491e-13 -1.93622895e-13]
[-1.29674049e-13 -3.34121619e-13 -1.01252340e-13]
[-1.45661261e-13 -2.85049762e-13 -1.13686838e-13]
[-1.40332190e-13 -3.26655369e-13 -1.17239551e-13]
[-1.50990331e-13 -2.82995849e-13 -1.66977543e-13]
[-1.49213975e-13 -2.73725487e-13 -9.23705556e-14]
[-1.50990331e-13 -3.27737837e-13 -1.29674049e-13]
[-1.74082970e-13 -3.04423153e-13 -1.47437618e-13]
[-1.49213975e-13 -3.07393000e-13 -1.84741111e-13]
[-1.68753900e-13 -3.26239036e-13 -1.47437618e-13]
[-2.02504680e-13 -3.15442117e-13 -1.20792265e-13]
[-1.52766688e-13 -3.27154970e-13 -1.33226763e-13]
[-1.36779477e-13 -3.21076499e-13 -1.70530257e-13]
[-1.27897692e-13 -2.88852275e-13 -4.61852778e-14]
[-1.40332190e-13 -3.12527781e-13 -1.19015908e-13]
[-1.59872116e-13 -2.85299562e-13 -1.15463195e-13]
[-1.81188398e-13 -3.00232061e-13 -6.92779167e-14]
[-1.82964754e-13 -3.12139203e-13 -1.35003120e-13]
[-1.95399252e-13 -3.78419518e-13 -1.66977543e-13]
[-1.77635684e-13 -3.01647596e-13 -1.11910481e-13]
[-1.77635684e-13 -2.86798363e-13 -1.13686838e-13]
[-1.68753900e-13 -3.30319105e-13 -8.34887715e-14]
[-1.54543045e-13 -2.77916579e-13 -1.52766688e-13]
[-1.97175609e-13 -2.95957703e-13 -7.81597009e-14]
[-2.09610107e-13 -3.04450909e-13 -1.68753900e-13]
[-1.50990331e-13 -3.10224069e-13 -1.29674049e-13]
[-1.77635684e-13 -2.58459920e-13 -1.50990331e-13]
[-1.63424829e-13 -3.07975867e-13 -9.59232693e-14]
[-1.97175609e-13 -2.88991053e-13 -6.75015599e-14]
[-1.97175609e-13 -3.29902772e-13 -1.19015908e-13]
[-2.07833750e-13 -3.13721271e-13 -8.88178420e-14]
[-2.00728323e-13 -2.92599278e-13 -1.35003120e-13]
[-2.02504680e-13 -3.54716256e-13 -1.88293825e-13]
[-1.72306613e-13 -3.38312711e-13 -1.42108547e-13]
[-2.18491891e-13 -3.49220652e-13 -5.86197757e-14]
[-1.70530257e-13 -3.53828078e-13 -1.01252340e-13]
[-2.14939178e-13 -3.44141382e-13 -1.35003120e-13]
[-2.45137244e-13 -3.31845662e-13 -9.94759830e-14]
[-2.25597319e-13 -3.66623398e-13 -8.17124146e-14]
[-2.43360887e-13 -3.82138765e-13 -1.06581410e-13]
[-2.54019028e-13 -3.59323682e-13 -7.99360578e-14]
[-2.36255460e-13 -3.70592446e-13 -1.04805054e-13]
[-2.41584530e-13 -3.51413343e-13 -1.08357767e-13]
[-2.23820962e-13 -3.65152353e-13 -7.81597009e-14]
[-2.29150032e-13 -3.45695694e-13 -8.17124146e-14]
[-2.70006240e-13 -2.92793567e-13 -1.08357767e-13]
[-2.59348099e-13 -3.42642581e-13 -1.17239551e-13]
[-2.25597319e-13 -3.59767771e-13 -1.52766688e-13]
[-2.43360887e-13 -3.73506781e-13 -1.31450406e-13]
[-2.66453526e-13 -4.08534317e-13 -1.15463195e-13]
[-2.38031816e-13 -3.89382970e-13 -1.47437618e-13]
[-2.34479103e-13 -3.61599639e-13 -1.10134124e-13]
[-2.27373675e-13 -3.83804100e-13 -1.19015908e-13]
[-2.27373675e-13 -3.93518551e-13 -1.24344979e-13]
