27790.2535608298
27790.320236835636
27790.453564261927
27790.653835096404
27790.921655954862
27791.257944947913
27791.663927243666
27792.14112893214
27792.691368305368
27793.31674282903
27794.019608700688
27794.802547676394
27795.668312367463
27796.619735826313
27797.65958301118
27798.790309281012
27800.013672441248
27801.330117226746
27802.73781050539
27804.23114643394
27805.798455852837
27807.418533509826
27809.05542762376
27810.65070349353
27812.112079242615
27813.29692155857
27813.98862962714
27813.863123564843
27812.442317230165
27809.030861222374
27802.632353332487
27791.843304018388
27774.728409214466
27748.69469052974
27710.424305835215
27656.040345483965
27581.974072356705
27487.553314432735
27380.36203286412
27281.67911191472
27220.88680488303
27213.970419221456
27251.108395057978
27309.96623110061
27371.16327329278
27420.19564902295
27441.4962840425
27409.50875527994
27276.67347403002
26990.844979636022
26693.096496002978
26765.9746673071
27007.536366444052
27113.367496296807
27096.091191695887
27043.837308254162
27040.369958474326
27103.041996331307
27180.451109363345
27232.799609618098
27258.017116019848
27274.24519897981
27304.81951010476
27360.479340646663
27427.703674207543
27482.203780575448
27507.744427551293
27499.42353697305
27458.95442090269
27392.11188452874
27309.716908786926
27229.02876759041
27170.403042658963
27146.94347160946
27157.4992610287
27193.029630128047
27243.25372128241
27294.89084956024
27334.435570990274
27358.254604373153
27377.05927336052
27405.795666942067
27446.85392075412
27487.51874449793
27513.029313732604
27516.159512802755
27497.32008134843
27461.720683484044
27417.099219131265
27371.136342425656
27328.427207841793
27289.850183481103
27256.6959003712
27237.280060495978
27246.617137184337
27289.83699788032
27348.40679838446
27395.053773890155
27415.304588311363
27411.34942361483
27395.888452014944
27384.588548506297
27387.775218077157
27404.862423973373
27426.466391499293
27441.158795796884
27440.154500553184
27418.7659363867
27377.430990099612
27323.936145523243
27275.190756375043
27253.671013821684
27274.8465900033
27334.122530718763
27410.145168774736
27481.34477967915
27536.25944255111
27572.57489266383
27592.495643381055
27599.586333487
27597.49386398255
27589.468194542405
27577.97766828463
27564.50231506798
27549.919991082013
27535.404573044267
27523.021630343093
27515.221245629902
27513.350448122226
27516.232536351145
27519.70513928023
27516.8346324902
27497.705788810665
27448.33609740001
27351.305513994273
27198.545232090008
27027.202277412176
26917.068513252674
26862.565142303323
26768.50490603184
26648.04973088492
26663.140257588326
26870.498587180366
27129.717052042746
27334.40285183
27468.09171185319
27545.019768136655
27579.414158084404
27579.265878935235
27546.970456253803
27482.2569036498
27388.893080366535
27285.419579736485
27208.51233484761
27192.486075261295
27240.764738543327
27321.761486017534
27392.25490585843
27428.47139179325
27438.642022917527
27450.98900082948
27486.03777098813
27539.90270864952
27596.769881189524
27645.777380128027
27683.166482775843
27708.097023235943
27720.158020025967
27718.71217436567
27702.69837504125
27670.625558753774
27621.24733822352
27555.569171049603
27480.00270356457
27407.68770048179
27352.908103959504
27320.527868942234
27303.11477652632
27289.951007422744
27276.276746119267
27264.63987258585
27260.007019187535
27263.383926319028
27268.93181345841
27267.73343744329
27257.99993971867
27255.47975478833
27284.166646934827
27342.525067643324
27398.31542695925
27427.405605217402
27437.895167616985
27456.91272475058
27498.416867876746
27549.895315856087
27591.44825151524
27613.098536995334
27614.079808454204
27596.036715363414
27558.451894868384
27497.227972358614
27407.749145919028
27297.30415068115
27203.559145799154
27178.77819761316
27224.58530676525
27289.852813218782
27335.986942952426
27355.43308641449
27354.413969851557
27340.713175424
27320.365070518776
27300.06075473299
27293.567429302908
27319.756621317258
27382.315824697245
27459.934298582695
27526.96071278655
27571.439975439927
27593.478505205585
27597.527994475888
27587.528682696146
27564.91334694636
27528.402893532617
27476.73820643512
27416.79551305897
27372.489719659083
27373.182154611644
27419.38646222485
27479.82293023963
27526.36807711132
27551.054286838385
27559.377117668442
27561.304847804746
27565.738218022983
27576.766112667818
27592.20168260416
27605.4405245433
27609.17355287991
27598.959594057786
27576.549192883074
27552.222149890575
27541.138714342356
27550.98827699979
27573.26027217772
27590.15949517392
27585.95086010557
27549.92699726594
27476.1675145148
27372.85122241066
27279.82096615059
27246.689839546896
27258.94242904899
27247.41103143133
27168.75177884251
27022.980825909955
26832.004006669165
26661.249641672002
26645.393425209484
26828.569731741434
27083.071849462733
27297.228608740483
27442.308977087145
27528.721164131486
27576.34825442902
27603.49518013769
27622.169968367154
27636.391441042226
27643.632629768512
27638.249704334223
27614.66119968892
27569.550449818053
27503.889206896638
27424.883851081475
27345.988407860284
27282.798340371075
27246.96954448071
27246.613834768512
27290.056612120155
27373.728423607023
27472.450522694522
27558.51808236834
27619.179674277046
27653.48708149875
27663.034122836503
27646.291682642895
27596.69987770457
27504.377561240395
27364.339676205702
27191.504049862917
27024.045779785425
26899.008677843332
26861.169616246916
26971.01695016849
27167.99577483569
27321.30931996948
27387.871040368937
27384.171924992745
27332.314592717332
27251.10646231413
27173.93108199442
27156.881315662224
27224.417594533246
27326.183310883553
27396.860963599807
27403.654413704255
27340.55501045985
27228.330936938266
27128.36307136383
27117.769699998455
27210.902955636004
27345.977406571266
27462.234983460174
27539.352284428136
27581.32862095963
27597.172310225684
27593.83693919467
27575.721010750007
27545.667657152175
27505.300582285043
27453.879676903958
27386.293212239216
27293.789079021695
27174.493365198065
27055.49520243066
26997.026584625786
27039.69012308779
27159.630191969874
27301.602876415287
27424.59421673512
27513.033721379878
27567.43928446514
27594.47318138608
27602.507511770546
27600.188917581774
27594.927541550675
27590.82547088674
27587.91105884302
27583.871569917043
27576.669496064576
27565.759679878396
27551.700411904214
27535.514953413545
27518.552167749578
27502.417386656518
27488.968329673244
27481.073032428467
27482.934929997253
27497.207685797162
27520.114040348293
27540.074702876587
27540.740086417274
27503.1817071428
27406.638815401762
27242.952704930558
27068.219489943116
27009.529316945856
27079.961868210197
27162.195843190966
27201.35502190658
27213.344647881102
27226.660224678806
27254.7626347871
27287.48098776092
27292.999390618577
27219.551179176044
27019.274249777973
26819.058050446274
26950.4773211477
27254.74632742815
27451.132202004424
27529.295985096454
27531.94182353165
27478.397585336872
27375.365216866052
27249.79587038514
27181.939648626627
27235.775180304536
27349.491202654568
27432.634588468383
27462.987624025885
27461.945665339477
27456.889485252144
27460.483870670574
27468.65146583536
27474.697427494506
27480.491428305126
27493.985465581667
27519.912398322165
27554.93805084111
27591.091899727435
27621.75398502643
27644.23904163852
27658.82213221121
27666.749491710914
27668.87549425952
27665.2179827083
27655.150924730944
27637.96601919029
27613.66835501579
27583.71276694014
27550.83042710361
27516.831820250518
27478.647729165998
27425.5046310368
27341.440257285525
27218.348905926534
27082.373023293392
26999.927057111065
27007.19525799645
27066.35721464777
27131.028417560203
27180.55816325515
27207.80944185708
27212.813887309592
27201.84189099479
27183.72186883011
27164.30571055952
27144.698227390396
27124.480593382512
27103.78008878686
27083.297974285153
27063.784000716187
27039.738368703176
26997.84925395729
26943.368326501302
26929.467448594445
26999.097814236673
27101.538544568666
27161.78985912249
27159.942155705427
27127.142605898374
27115.31522108691
27148.933916790407
27205.68690783032
27254.33504687176
27281.391676344854
27285.129225371744
27265.098892056285
27217.954954664103
27137.49684879778
27020.446416583392
26885.14980357159
26791.64998423889
26803.882642804147
26912.204564591917
27054.634686517027
27184.62746166072
27285.76351802946
27359.149327918643
27412.148283330407
27452.39291136032
27484.963810530106
27511.322589554435
27529.641207197586
27536.202867045326
27527.2739117779
27500.9178683224
27458.36207009918
27404.314468649678
27345.583686185164
27288.371098806347
27235.692966160517
27186.027127201272
27134.636239371583
27080.10630876425
27033.904747474877
27020.032289854043
27053.935361534554
27123.689951289885
27202.94142102689
27272.617332928476
27324.74927676295
27356.320819221964
27364.49286706486
27345.118784699094
27294.27403206517
27214.03570453548
27120.648655543206
27041.237765632297
26989.321438755695
26952.142356490738
26914.17367264267
26878.10793539687
26860.144720587323
26874.918346987084
26926.675821759636
27010.013588898713
27109.927488219368
27202.0313816667
27262.68310050946
27279.48564578013
27253.84548663708
27202.903776463718
27162.060462288795
27169.325743608784
27233.148963586576
27330.655959724307
27431.430395978197
27511.004219588547
27556.491237116767
27566.345215992755
27545.32124053912
27499.778579869486
27434.454158148455
27349.66125228586
27242.343269105462
27123.377592922043
27049.745742076797
27089.11026898703
27208.220223655193
27315.45242137592
27364.261460283236
27347.907238852964
27271.8307159055
27152.038269385863
27028.89997605247
26962.164658195252
26969.028762902584
27004.182733197387
27042.50398011276
27095.564351126748
27156.149984337153
27197.78083117398
27213.084979980802
27214.176655754054
27203.630444049097
27165.67017663794
27086.123677795647
26972.252621802607
26861.789812312716
26812.790999816723
26855.27685602753
26952.930286316896
27044.739575268402
27102.475068308722
27134.081937387222
27157.023316099017
27171.27262470293
27141.413461622993
27023.1731480899
26875.099958509283
26913.996313715434
27147.54701211049
27358.7690707159
27471.713149143074
27508.980843672165
27501.23610734591
27467.44900292074
27413.72066559093
27340.205812699653
27259.799888127345
27212.480889252096
27239.218197152324
27332.184118081343
27443.24619820623
27533.36836607698
27589.453504190627
27613.679903354587
27613.226616380136
27596.901908227293
27574.99835217397
27558.133538967577
27553.296567612837
27559.693910565347
27568.859592513232
27569.160411018456
27550.662521409817
27508.128394345113
27443.069727587874
27365.005184222962
27288.535414041784
27224.0840523115
27169.743135378598
27116.975021358758
27074.80684833952
27080.901420302995
27148.8093202345
27233.562360189695
27290.008349219817
27309.26500569299
27304.611277021562
27294.439825835678
27292.69889020813
27303.302995232796
27320.110567724194
27331.93038825788
27328.245705002635
27303.7568225558
27261.23131347453
27209.19733387146
27152.590190318588
27086.81886163241
27008.57494142031
26932.532432697466
26885.11628833336
26877.850744348576
26903.574259670422
26949.871901854607
26994.250795526026
27001.406753415467
26938.926600006325
26795.08523118564
26595.1885630817
26410.595239797378
26318.994847462047
26330.155151845192
26388.56042590551
26442.959361605335
26476.073325641166
26485.982960163743
26478.070154452897
26475.050295894656
26501.351614739924
26536.768115024573
26545.02388072333
26554.81215554179
26610.861313804384
26680.423001309617
26729.67441650346
26798.0246626702
26942.830225083828
27157.072836739575
27359.637056661355
27495.944583647095
27568.535715789374
27599.345299109005
27607.040479101335
27603.06518989592
27593.029944259062
27578.487934935325
27558.46152159325
27530.949277239168
27494.500119292108
27449.536517795234
27398.74519055203
27345.944208104374
27293.80996475769
27243.545109212344
27202.813578789654
27197.843899666987
27256.506471752724
27364.296773280854
27473.78364924141
27551.427865447844
27587.320588718
27581.206060015815
27534.27358229498
27452.375182470536
27357.01230986151
27286.793990509963
27267.155468875393
27283.069714437876
27302.71521013684
27307.095777994153
27292.63619177882
27271.866461292357
27275.174789013483
27323.2339748996
27395.594264721327
27455.49330475157
27485.34437926817
27486.847964704466
27468.543364606125
27438.934912640383
27404.735263939336
27370.895195955723
27340.830372150136
27316.355709578984
27297.372082012273
27281.799579527375
27266.365178122473
27248.298365268958
27227.30407918837
27207.137974042933
27195.881061941112
27201.641778992376
27221.137574953347
27231.99404344923
27203.96063640715
27124.567005471632
27025.620994814843
26972.53382731559
26983.500353618852
27008.64100113635
27013.3311567318
27007.883894902483
27020.661262861122
27076.63132313699
27179.76800206625
27303.31937211604
27411.91997892914
27485.28830565921
27517.96798546412
27510.778071490004
27467.495343226215
27397.466883295896
27317.387763089388
27241.536796437158
27165.51370167574
27070.524314262006
26952.904660360346
26850.317203680628
26821.867743577994
26890.054830608926
27029.051333204712
27185.148998971876
27311.317397960807
27391.184821306815
27428.961072610935
27435.590773127107
27425.35509350925
27414.024805809448
27411.627841000132
27417.738497277143
27427.489535613764
27439.01742348302
27452.710922453924
27466.87425970029
27477.116924811773
27479.496352916736
27473.25400801921
27460.38568425962
27441.667286576925
27411.244651281766
27356.017681180892
27270.2383596332
27187.280284380955
27174.474260606865
27240.542369677114
27322.310869805333
27381.786314937795
27424.718804174943
27463.14726872557
27496.02389672526
27514.982401916994
27515.950769621155
27504.220590355555
27492.055950971117
27490.20905598109
27499.201564329487
27509.848274013515
27511.495627547883
27497.445876972346
27463.810599979795
27404.35960153459
27302.67022267048
27123.79825636486
26832.633489154934
26537.379013582824
26575.181859799635
26872.957682645843
27084.079925765847
27118.895003998274
26989.943889517675
26718.33433322329
26377.312136255983
26236.937479269778
26560.557654828914
26982.26708198481
27227.441774358504
27326.077481123597
27358.81573107002
27389.823183431985
27445.560318119642
27510.15993167879
27555.83991432668
27566.978211121073
27539.306969064146
27473.01337199798
27370.203609514192
27234.046426325513
27064.183253088937
26855.388378696138
26627.351725519726
26474.102972225654
26503.40522003987
26685.661433351026
26898.72000744056
27064.61374752201
27168.137220417604
27221.134279409056
27238.652049222117
27229.045865560936
27190.36896704303
27112.7803110716
26995.03623378328
26881.58072189466
26862.691442500447
26958.763937438674
27091.67276968871
27204.938221747907
27291.357476934074
27358.792012740567
27413.378905501966
27458.1128947828
27494.58692421844
27523.59199129824
27544.226240661785
27552.4751098909
27540.141324190357
27494.5292696514
27400.61554648816
27251.777024634903
27074.583298969235
26943.828604636783
26928.577397875346
26998.830910866433
27051.34525879898
27026.52937390208
26944.5904933863
26870.033176676276
26860.429376599495
26934.708251819036
27073.784225788906
27238.765175997636
27393.259794392627
27516.787947396497
27604.489552890253
27659.97212125228
27689.198549803892
27697.84688203079
27691.312616503365
27675.96282255141
27660.024816481604
27652.214108031643
27657.826034747835
27675.70620891197
27699.73312887917
27723.179992851477
27741.660499428774
27753.352227617328
27757.927507350625
27755.573611055755
27746.555375702137
27731.269631865838
27710.62309000093
27686.51363250272
27662.04887306485
27641.027797777733
27626.537497267975
27619.377248103985
27617.50340798225
27616.850667129118
27612.652791111268
27600.399337381146
27576.651750247827
27540.744331533042
27497.653322003353
27458.94326601388
27436.08253819866
27429.59589816608
27430.669766949675
27436.559489653657
27456.553983386675
27497.54319929363
27551.077250436218
27601.10759540391
27636.859868549618
27654.651510940064
27652.91871283918
27627.849670034488
27572.31256146646
27480.167905027145
27358.90775429059
27243.32329278879
27181.383170203535
27190.943267546198
27244.399536793393
27296.25603414294
27318.662235620024
27314.47123636714
27309.21721504781
27334.542884816816
27401.90016426851
27490.344738186555
27570.210736438774
27626.307675472483
27657.68734849395
27669.3309923908
27667.145256626998
27656.318131431723
27640.758194396152
27622.37723628337
27599.927100715766
27567.47490789032
27512.808288361124
27418.136842568983
27274.364663216456
27126.620251351087
27086.779859714727
27178.880302440422
27295.798629310124
27367.49022890033
27388.330049566903
27370.179004226782
27324.502646350964
27261.681126978292
27194.224921906072
27141.81486657928
27127.975301391358
27160.990523091907
27223.974025050156
27290.15420007409
27338.6854811484
27357.16376256146
27339.42717774466
27288.304952023183
27227.11837905428
27202.65401472552
27245.27133691693
27329.549707516548
27409.272167187508
27459.807410827747
27477.359128300868
27468.16092144431
27446.041571302223
27430.768480794606
27437.084334783878
27462.753176659386
27493.605547777388
27518.221369380928
27533.657211716014
27541.856439927957
27544.77417914342
27542.28155919318
27533.476331858954
27520.327163931226
27510.364684365086
27513.55100141575
27533.565918930042
27563.532503572922
27592.0252874709
27610.842788377493
27616.916520219445
27610.33585744153
27592.56853500496
27566.201198105085
27535.425980696516
27505.848023039765
27482.870433227603
27469.56966913176
27465.616620243163
27467.474980919127
27469.343261745897
27464.741845319164
27448.148084408116
27415.57089084976
27364.285798881243
27293.93752118553
27210.756173195015
27129.66208452131
27058.980417283878
26970.263826099977
26831.954595210264
26783.383951181477
26992.95563022204
27246.76782513065
27374.27700928164
27386.239057563624
27322.11353877102
27210.62928806133
27087.183372504525
27013.765275081394
27046.014975228907
27162.367090970292
27291.179461764892
27386.385651640936
27436.322168822437
27443.94270085171
27417.96741946566
27373.058739331904
27327.92958823585
27293.301281977718
27257.53209200726
27193.142807596327
27098.84282542347
27048.059849505753
27112.16083823194
27228.130958471145
27304.76480202557
27322.538610113625
27302.9236019977
27274.670450583682
27257.32647667559
27251.70557949417
27243.644067436097
27217.537555879182
27167.069901619918
27100.35055427702
27040.20187220006
27013.755971234485
27032.215517105364
27083.04936750968
27145.661636189998
27207.66143808497
27265.627528635912
27317.46328435265
27355.833680289914
27365.417952527147
