-28.340979725887976
-25.199109318989905
-23.29917369080937
-22.518786233259416
-21.445485691898426
-20.899263321592127
-19.332415390813036
-19.120970855871235
-19.112480656217137
-18.58659696469282
-17.881041254189252
-17.391178931584285
-17.02551512018865
-16.407010837413775
-16.35421877008177
-15.636957865920378
-15.026010657127589
-14.380869190587887
-13.991800524986171
-13.463336255081106
-13.245141597211711
-13.100629088041677
-13.039579721837912
-12.972389647067414
-12.970789967411024
-11.557996186673277
-10.961821263561184
-10.861431897767508
-10.800465941140676
-10.417140639277664
-9.86215294541751
-9.856339814450712
-9.73655323134511
-9.583408869152787
-9.33503310006701
-9.121670787266199
-8.647992089871021
-8.277922559860544
-6.903216716641169
-6.828502993934688
-6.344782456735246
-5.82062000480914
-5.555392382611375
-5.506557814867759
-5.38927913949482
-4.7106729053205045
-3.6077235594458434
-3.3964286555111425
-3.2130329010548024
-2.9596755044290233
-2.937428404338982
-1.958212073248357
-1.6319626752118905
-1.2921233663298142
-1.2820137401721485
-0.8307206330768686
-0.8032461303319788
-0.7727782010953892
-0.32282773265633247
0.6683514771239243
0.8339765271837526
1.211017076970739
1.4655638543284524
1.6877312949271457
2.0446250403576975
2.1379623319484096
2.1716618247488446
2.28287933959792
2.3284664254637097
2.3870998650767
2.6304459548461696
2.659501939868654
2.7602061759811956
3.064594630698403
3.1189351452170753
3.190322871560451
4.072840544317461
4.7382283208759635
4.826969578076601
4.911126447565076
5.562661973713979
5.704542858173814
5.815164167993233
6.036669773726171
6.371449182515349
6.567939164240405
6.62904552544092
7.147497443209317
7.160357619415778
7.3460158276414615
7.433838189150232
7.541448612018395
7.6998500430823755
7.759340721464278
7.9144180963086646
8.24069983498018
8.802458817223291
8.976851918494088
9.131031802072892
9.369038494309736
9.924950555296563
10.228639067801502
10.479282902449091
10.77079797889261
11.152629676801212
11.774013635667277
12.168973523251097
12.299100416699615
13.789735469412907
14.439607998595221
14.49812511992498
14.781092969112791
15.706329126453104
15.720822985267981
17.21146817387011
19.298156168604176
20.598419301212676
20.61275658241945
21.748696365850144
22.401403105748212
22.922150621870703
24.938614321041538
30.281225573019
30.557539001073813
31.12150122368561
