-4.18993617263069
-4.1991489156080615
-4.213568344133579
-4.233230118676357
-4.25819000481657
-4.288523631733588
-4.324326421248953
-4.365713730764854
-4.4128212673600435
-4.465805844802041
-4.524846569299474
-4.59014655209883
-4.661935255840208
-4.7404715849841885
-4.8260478264601065
-4.918994532657661
-5.019686412415347
-5.128549253578934
-5.2460678384723165
-5.37279472392327
-5.5093596278096175
-5.65647897281297
-5.81496484818084
-5.985732199290823
-6.169802338146577
-6.36829971155879
-6.582436977589016
-6.813480339111635
-7.062681946848325
-7.331157619832647
-7.619673749192466
-7.928282915876611
-8.255706245758821
-8.598289139356993
-8.9482332028172
-9.290590698463626
-9.59812635970864
-9.822475290390555
-9.878824176075911
-9.619216416765513
-8.785881891781901
-6.929842082401504
-3.2709524749674124
3.533507694545554
15.735539929891944
36.885730843544685
71.80650870988951
124.66631367242965
192.47073011417746
254.97830666667582
277.925663755273
245.61717254441177
181.2872607232202
118.5979486841074
74.19119078065629
49.53445919162502
40.97772746573614
44.98733879116997
59.090762822438705
80.91752785116076
106.61623355201658
129.83375514677974
142.95319677993226
141.03523995262574
125.24610714161949
101.81732806986983
77.7033346177384
57.354809171448345
42.29354064044566
32.17153773167397
25.876194450698023
22.20223058891995
20.163982792866644
19.120309187655117
18.826096558959495
19.463695202420947
21.678363986294332
26.636041915438266
36.120186336817355
52.66452161471089
79.63303260675974
120.88246664283533
178.9516234451466
249.882418173383
315.1851632543192
343.1398361008125
314.84019901986477
247.29727191748373
174.13168274962405
116.89467989937128
81.79345676610797
68.8284115928661
78.53410603196187
113.93733514286883
176.9438493604791
256.0176211067476
312.74014319727104
303.5846579853637
233.61818527994495
148.64601700045517
81.10097607809693
37.02173728818324
10.903086913364973
-3.821057953047713
-11.849041079199512
-16.065991322732636
-18.150941500949585
-19.069794793004256
-19.38308850639862
-19.421369698748798
-19.38150456379789
-19.378967562069544
-19.47646586975675
-19.700216677100272
-20.05000844678455
-20.50621563712268
-21.035225176556306
-21.593799523695974
-22.132649796886508
-22.59917500090059
-22.939400320910366
-23.09921843107057
-23.02497453626436
-22.663994204212717
-21.96484385624888
-20.877782061957493
-19.355666685326298
-17.355651973714856
-14.842564512035763
-11.794994016060015
-8.215574087348385
-4.14656099617705
0.3099894969828221
4.971472515145506
9.562273597045191
13.72195161718213
17.045259865433255
19.154534430051118
19.787792317327327
18.87048131517783
16.53931798525451
13.106477978068503
8.980038448556712
4.573977948546784
0.23813501820828495
-3.7773335943586352
-7.325597628768022
-10.34639968412645
-12.841308062053306
-14.849795797879151
-16.43029665630763
-17.647203151351448
-18.562965833165112
-19.23385744102454
-19.707885086315613
-20.02351862347729
-20.20830366958285
-20.27620593747884
-20.222496791113674
-20.014020775542146
-19.571237353283003
-18.735464367607932
-17.20914539281253
-14.447289912037208
-9.462331148724436
-0.4855108468407197
15.566595847484765
43.71644205058959
90.81950481558457
161.8809520260721
247.99943081011793
311.9016205469646
308.13423187980266
239.7363910643094
153.84243213745185
84.97134697728721
39.927822204657694
13.171476021819384
-2.0414690582649886
-10.523874159642748
-15.2005947149678
-17.740820712466434
-19.07252715160405
-19.703980400520123
-19.907764260769287
-19.82213337216718
-19.505508266375294
-18.964133443217538
-18.1635798557929
-17.029196379618693
-15.436837304943168
-13.193577697433318
-10.006506281241887
-5.438496278568416
1.146755698909286
10.635817812794489
24.16989688801742
43.00590149332814
68.07068789383723
99.06427911822172
133.33115405252857
165.60063826620745
190.17202412015263
205.00562194220683
213.5004862461351
220.96467447093698
229.23562078745957
235.37860288942926
235.75880930326633
230.4583801463863
222.4707810137872
213.3274368866254
201.53200555948837
185.8010041121862
168.8055866808486
157.03367011169277
157.38035574869693
173.3775653773989
202.1023640439159
232.8442268118656
251.78735818007564
253.3019290961068
245.21361721616282
238.52746180726555
234.08070654374316
222.24556805624636
195.4467019702492
157.78397320400623
120.31347943438024
91.20429639236735
72.44837200288963
62.09047759782135
57.0346533111588
54.593767449383684
53.03682626291498
51.645484203713835
50.547194382581466
50.42615311110291
52.16070341398121
56.43238830167511
63.37733009713449
72.41368263030019
82.43058760161554
92.41540535000811
102.24025779102625
112.99805949053027
126.44763373972985
143.76339510926252
164.27526314757432
184.9123955757206
200.83379961909918
207.27203520860695
201.79667523732843
185.5441557384628
162.48064220980922
137.32235258899698
113.65945618227809
93.23395668248737
76.23424197942403
61.99946928026682
49.66381872506587
38.548910836847185
28.298896154576646
18.837297407579324
10.24558138747711
2.6431206528032942
-3.8903843290010873
-9.344828221727266
-13.775842027966512
-17.285035115506936
-19.997344344239487
-22.042373235038166
-23.54168963429418
-24.601680655022797
-25.310319755075614
-25.736516088010735
-25.93079938361398
-25.92652263618569
-25.74103859762261
-25.37666349875723
-24.821128108552777
-24.047685293954768
-23.014805143045557
-21.66561916808723
-19.927313582906613
-17.710838480800977
-14.911437924185726
-11.410659182504498
-7.080610618997827
-1.791007506248972
4.581153731838995
12.140518861114174
20.964003580794685
31.09734281870786
42.56037994570029
55.356728529408855
69.46683668087563
84.78146604603162
100.923765403349
116.95411856963615
131.09420356521903
140.79803033648435
143.48998182516436
137.80250983298288
124.46675470005229
106.06822769731849
85.87400923903397
66.67948898955585
50.32169584696504
37.8131179551246
29.739208404693212
26.640388473932816
29.245958027931966
38.46776825923413
54.99203457985013
78.25476178412659
104.89191696199866
127.8559972997731
138.53429947349431
132.25127209351888
112.25644758809273
87.3931634257189
66.46085141494311
55.104067026008714
56.14260670765874
70.92676623201955
99.82997240352127
141.30884844687367
190.13523186919096
236.90692486089728
271.00584347780983
285.0235665766851
276.01662307444957
245.003133674033
198.1869045909603
146.09085497043677
98.57822449560621
61.00386377754271
34.37562762355432
17.426340946850928
8.347659948371964
5.6377571963050475
8.336388457075655
15.962886662125582
28.31957962603377
45.215663359408076
66.14531324448251
90.0133397476382
115.09695209836258
139.43244989832243
161.56125656157778
181.13414915017728
198.68973917064858
214.34480079188359
226.0489955165416
229.1094660409745
218.72599711204708
194.40965384110777
161.71483164625687
129.17957346667833
104.13824974129611
91.16376364092206
92.96099003392355
111.78540587571416
149.93669097976485
208.3047970515811
282.33445728182534
357.4998347249928
411.50967918246704
426.78283888095876
400.5836415925378
343.09179196492573
270.9955274881002
200.55018980107926
141.71557129716268
97.3601449931493
66.19260547721552
45.67659746830263
33.50640535486684
27.979003340782754
27.838826522571352
31.932019241614714
38.84226566470522
46.665659719507694
53.116914109426446
56.070583123084205
54.33340509514405
48.143703333952175
39.021022721065556
29.12928017594546
20.697323943455768
15.93514513128248
17.594818082108613
30.210369415556393
61.95156288230998
125.78372912565118
233.14465754244955
365.0432351299896
440.2503925101646
396.00380086024086
298.0770782198191
237.90846952628726
240.52394660308263
282.28427452201083
312.64266777694274
288.12671507153647
215.98093806063332
136.1669048249704
74.5231915537321
34.73901064064727
11.352583945648288
-1.6900185119187796
-8.698369727513098
-12.32998006848333
-14.132769554292347
-14.98657194740827
-15.383051637477376
-15.588948141829382
-15.738904244889767
-15.888774716071131
-16.047124703189585
-16.194475568169402
-16.295179334385
-16.303983422629415
-16.167717263709896
-15.821878344530333
-15.181501829444725
-14.126279155330627
-12.480012035506018
-9.986358167174078
-6.285095958821835
-0.8976885261349253
6.759997768386093
17.30495720271031
31.204087142733187
48.43124776589079
67.98639536640265
87.50301585136071
103.43664990903454
112.25609295358637
112.23172072437292
104.46016582028703
92.18790233345082
79.1263695144576
68.16529583955207
61.064085483494985
58.76014391448949
61.744257795618054
70.2000827185744
83.86493948301343
101.78041456391304
122.377340117385
144.71440048125925
171.98470099140206
218.14971856793102
314.92743777120967
493.6821479005268
673.0876010119401
621.9089441005573
383.71538508021655
186.5192104555471
79.22201272411667
27.58054818690702
2.9358281375781408
-9.194617314793915
-15.356363701644298
-18.476159682662573
-19.890923928606444
-20.225662944875936
-19.77240499077732
-18.660118634876383
-16.937584111853383
-14.621134576769913
-11.729449573230376
-8.31397630236657
-4.485203401020473
-0.4295573198063072
3.5924327626618973
7.27501810065939
10.323962989742919
12.527669006664688
13.81664396177786
14.283468343830162
14.150596557657938
13.69707513114508
13.173707581770165
12.738519661780083
12.433232630868012
12.205045586034265
11.963897360026248
11.655733725492032
11.329987126622354
11.183275567189161
11.571825385231973
12.99700245108303
16.076363372448323
21.511537935635133
30.05554028768178
42.46942316059962
59.44558419331467
81.46637478759997
108.56774527719479
139.99985426332557
173.840765835061
206.7432621980631
234.14014949240993
251.2290993064558
254.647637724772
244.01137102543348
222.19975416734385
194.10349596797727
164.74722415363067
137.93064808989982
115.79552490455788
99.04308790749481
87.3809594618745
79.94320367404335
75.60395804115869
73.19490752768665
71.65763362049404
70.15105950465644
68.11713574057647
65.30001652475781
61.71832918068533
57.6010992545483
53.306514749052305
49.24351295447738
45.809734003218196
43.350841583030956
42.13989348636795
42.37215588436714
44.170755136714206
47.59942140328626
52.680562652936615
59.41900053302159
67.83250929766567
77.98663354731035
90.0204231577844
104.13487811948495
120.51415441376778
139.18309802190126
159.87095668426124
181.9852668832845
204.72149827315002
227.20696728137563
248.6345400391841
268.59622987728125
287.8808641672136
309.7402994049034
341.29785773674246
393.52939635705957
474.6460787313224
569.7524301454301
623.0109204637201
583.3488340065331
476.3258348911548
362.7312060219842
271.94526329965566
204.80164285552422
154.43480911921364
115.25595837107414
84.30509806589721
60.55863048751711
44.2625186978362
36.83917076078004
41.43137063349202
63.85071101488207
112.69763604767796
194.22241123406354
294.2773578166374
359.55505467465474
338.9376820401733
258.51108793002794
183.31479299238293
145.1863970102606
142.70016348246108
160.9666912892858
179.99416383358871
181.42283699774967
158.8442331199146
120.62545172767075
80.22365717758373
46.44743933117533
21.80213513236351
5.223576325376439
-5.389355119412073
-11.972609619947985
-15.966793799582456
-18.338780599399566
-19.687615962580413
-20.335737655017162
-20.37711551378045
-19.67322006505498
-17.783348894088896
-13.799689729503735
-6.0353371644063225
8.489481596212231
34.6949670584298
79.5424488215034
149.07529799604148
237.649413145766
312.7466245018602
328.95922576855025
283.5030918197243
221.8131108061818
180.7819445942716
165.9925859888998
164.94203982316316
161.9075184271558
147.7346993985375
123.3105277948523
95.38956718181325
70.13820684137517
50.282625793340394
35.81590478822837
25.610920766764263
18.480413868075424
13.56619618881149
10.362329530013286
8.62650153111022
8.299972312076353
9.464447177512373
12.324596234880467
17.196658120441903
24.486838292208002
34.64436444642074
48.068825283298956
64.94304787662492
84.96736450657279
107.02182760698753
128.91400879327003
147.53377258680666
159.6980366731721
163.47131988513866
159.09327103408106
148.73973764257823
135.34411781001538
121.42592635695964
108.560814696175
97.43885735045002
88.15855709198178
80.49788332450139
74.08344054034407
68.48311498270128
63.270054204448
58.084892619100465
52.69412232481694
47.02485265251848
41.15930842983945
35.29062380700145
29.658762573485404
24.49068094821515
19.961068855730716
16.176664643958393
13.17803373414449
10.949661249744343
9.431361100979984
8.527812325639523
8.11679233170809
8.058555674575151
8.209353487297625
8.441406279317533
8.670227589840703
8.88845103013163
9.204540016881403
9.884449156030545
11.394341088177054
14.440986504585032
19.99945868041952
29.300995220148845
43.724383478988976
64.501252077789
92.150118458564
125.67988663230945
161.90815966875883
195.5327887603271
220.37879605368164
231.41792452804404
226.6175351258478
207.86981033473836
180.47174291632768
151.12446595527982
125.55890535251953
107.19387524703124
97.14450932707769
94.886022958445
98.82209640584739
106.5160000460322
114.85691146604601
120.6294117325357
121.60807342048228
117.5760997475899
110.40020342643491
103.03253903118626
98.21531170809003
97.6656577069887
101.8857419354088
110.33377252148338
121.73066452494926
134.46002294156037
147.05162032552013
158.5621936823921
168.50806439694654
176.22177436863336
180.13873627281689
177.96328996448466
168.08618485266584
151.17244581990255
130.28008959685397
109.32974398305853
91.34849748398041
77.67069085331148
68.10399364020941
61.52086691349328
56.47813214883551
51.71500146001238
46.476501931172685
40.62544369651992
34.54604298149392
28.91312185669317
24.440710818969265
21.700829201299744
21.047581285611212
22.638776859666468
26.532846481492605
32.834600209479625
41.84703894954059
54.14703528789494
70.45575224540468
91.16937359958055
115.55874912568686
141.06290807183552
163.6287952529434
179.77194516285743
189.15009050463604
194.8651893195619
200.57923128517575
207.00890430166876
210.94216914774867
207.59241928309677
194.2758722294063
172.1674258202792
144.99516389043526
116.65809363639876
89.88727371427535
66.15179530980718
46.041391222761675
29.61658383321552
16.630067541180342
6.666756225142127
-0.7596852998175365
-6.141104696436479
-9.935100924090694
-12.544845331484437
-14.311064155245411
-15.509751496637007
-16.35224867561745
-16.986592379908185
-17.500975432124463
-17.930199018943846
-18.2649858811263
-18.46338703724248
-18.46219841832035
-18.18695007024078
-17.560021355810186
-16.50746738160816
-14.965945122720123
-12.890925194610963
-10.2665141244342
-7.115116132004063
-3.5021042975828856
0.4725134925614702
4.70629711750677
9.16267176027125
13.986519171915942
19.677662454266866
27.334578090827392
38.97821748368876
57.910275970480484
88.79137926505936
136.32427532084088
200.16560200724683
265.34672939908614
300.0262373807456
280.84086785933977
221.36336474826095
154.72582669295727
101.61528748189723
65.6838692984255
43.05775996789069
28.960069905753542
19.819259008869526
13.388642893632058
8.383012526465809
4.125022242291058
0.2937502824458682
-3.2366440664660434
-6.494939488467309
-9.468836910324956
-12.13388053431871
-14.465913064260523
-16.444425674760293
-18.051610299247397
-19.26953397536958
-20.076778859766794
-20.445012646355583
-20.335443951666054
-19.695665241310266
-18.457354847412034
-16.535849224699977
-13.833122780414216
-10.245504007732789
-5.677307181271546
-0.05953725431904997
6.630742204418956
14.360422523334226
23.055704364395996
32.65968023821859
43.238295124076124
55.11626168239593
68.99646532174361
86.01039761598088
107.6851325681284
135.86751982589135
172.57433654987375
219.24472793820786
273.98320922075635
326.23133117324335
355.3048872949793
344.6801979663715
301.3941918256608
249.7693679133082
208.69634114377968
182.9684386873139
168.48220818481255
158.96115048970907
149.75880890372753
138.94849985041267
126.63926469323643
113.68978242662057
100.81592464091628
88.37557603818117
76.53704491738355
65.4637843689838
55.36019036024604
46.41271275831306
38.71662467923167
32.24506431302937
26.867224588564216
22.395461842700385
18.63706703922596
15.4340908234372
12.683850658711899
10.340402911415238
8.401675912866203
6.889299918586014
5.828059183882345
5.230520755523397
5.090525435639109
5.387920725793955
6.105472566136342
7.258767300999917
8.938942634763192
11.367012971839573
14.957154416185187
20.381200516007738
28.61401845890515
40.90766250473927
58.58092088697201
82.43519113501073
111.64487676709463
142.44203742980687
167.99255597931852
181.27800243205638
180.02261814045346
168.76665661103254
155.5254460483432
147.0320054424586
147.08122782130843
158.07883917593645
183.29433929410658
226.4767289338344
284.7468702515247
335.99304599860267
342.88808295966976
292.1655310382887
213.45464941110873
141.78643549570347
90.43479154938144
57.25123696748816
36.21920346376434
22.45012583983816
12.99377603836407
6.398613884617362
2.1916291048099885
0.5622070288801018
2.2684761949228647
8.734620567750857
22.29989748067882
46.53062419824296
86.31627583494223
146.99881967690885
231.07713271165545
331.39502741625864
425.2040483540884
483.9142129659939
502.7786172700049
511.02857168846293
533.8292501932241
553.7721231984324
537.4616566796059
498.45528283765094
480.80647487478797
496.4067049875538
512.2263734147488
485.47594421296486
408.56521185365153
309.9426614098591
218.8737924750784
147.78206403500744
96.8338818763139
61.747485799330704
37.9031863250741
21.653070900417923
10.443676189726661
2.5929538532712453
-2.9634577793783348
-6.8685345187681435
-9.473586832336625
-10.91257780980835
-11.132531642608573
-9.887764258709504
-6.702049630514121
-0.805236204820308
8.93274661515816
23.998773788347467
45.98677399196248
75.77268587736606
111.80584785406971
148.0507840688842
174.15556316953925
180.8631121870466
167.61630993425715
143.40708396818405
119.73428809363838
104.35410413849606
100.37699032657964
108.26419489637262
127.87990600397838
159.78827486946287
205.54929550348717
265.5520377985594
331.8577909145113
379.7457302830165
377.9828088868919
322.7866797708321
244.50572585862582
173.98610956562757
123.31182528557244
91.79372395589778
75.1457667275126
69.53979950205544
72.2485136907624
81.02868874935389
93.22978945217929
105.19638565110853
112.56701771390634
111.73975670025851
101.67233152401879
84.41348624183141
63.80051117642551
43.532317110949776
26.03582451202585
12.400074922770054
2.8584781277559217
-2.6771736358007194
-4.223015520672514
-1.46330509396096
6.435030654706647
20.96029564255241
44.27654450878851
78.8661396727644
126.25777202500149
184.3064019231451
243.9352784306895
289.6556892245426
308.0176299162288
297.4421779866191
267.34246564277737
229.50033513062542
192.69575390840828
162.04735122670235
139.72635983050336
125.82379950529864
119.27543213899926
118.57127602817594
121.99083798303177
127.40451918164389
132.0314730882172
132.72519097921537
127.03461168983225
114.43863006997836
96.6603390668536
76.70863452183815
57.47147954750782
40.842332310806064
27.615123859332172
17.810784000104352
11.065028289316679
6.904809473333591
4.89362576184952
4.683110982322235
6.011062165506454
8.673139915354
12.483884067261696
17.236301622084188
22.66880078811798
28.45066046172556
34.20098397626708
39.55315471711021
44.26242274206655
48.32656350215146
52.06097262430521
56.05818929651886
60.98252939241045
67.20283218994976
74.35472143448095
81.05131048734646
85.06429490094052
84.16098734691325
77.26539209746126
65.12001152117378
49.90098263129383
34.14671453660914
19.828118314190462
8.009542587764729
-1.0116265692088922
-7.393748489793052
-11.47622637253799
-13.606374709828076
-14.055455026154025
-12.993247895769859
-10.497302643013562
-6.585264519631651
-1.2677682327964814
5.3773674497491895
13.11487917328074
21.467500380325625
29.684002925282826
36.82279446268728
41.98960530741286
44.68574215863826
45.125694455372795
44.367529296268756
44.20764078033115
46.92540297644625
54.96749826597806
70.49128311577267
94.46107335659548
125.04269566054317
155.9816846057565
177.48677914893838
181.81266112448338
169.74777049847944
150.32637016020814
134.1923357857783
128.43278543150709
136.10018197312755
157.74223392111625
191.80135845435717
232.50889050078652
267.05658931477126
278.7333623901369
259.6342106785898
219.2649156797267
175.75674486404998
142.4207307813885
124.16739987901242
120.80922903076012
130.44014735811336
150.78189370845118
178.8970769576036
209.9789104509361
236.3119929698736
248.4747118945134
240.07312967350495
212.59613459710948
174.5811186660591
135.77588196026628
102.54333114302794
77.2546326529608
59.84037162715135
49.42325807498496
45.366691229932975
47.82243060852847
57.8798652163411
77.11270314393586
105.95879964892883
140.60962147568878
170.38883313501037
181.1946475243956
166.59267524544288
134.340439775616
98.7610821862119
69.93947916087717
50.95143384829712
40.65228121532469
36.6525979004614
36.811493727432385
39.655116879725405
44.309834311079015
50.27362254217842
57.17061887377913
64.56332873051372
71.87054473698268
78.41858551104538
83.6210100634268
87.23199228740951
89.56696004886119
91.5671857312009
94.62417057623928
100.14553694026223
108.89996260867572
120.27224538855572
131.80677417364686
139.71251306922994
140.70342559828873
134.2152053351665
123.06675315882865
111.9502365025612
105.29423580195451
106.11745950756774
115.96470788790249
135.07199282082257
162.0342662041196
193.00720859236725
221.72676438081803
242.38174756145645
254.950348838321
267.9062651532033
293.87673902808115
340.11719743002925
398.33861043458467
440.61072816507027
433.8628565495656
370.31694655454595
276.1180904875566
184.56358133187737
113.37987483033264
64.9645225281207
34.97422763225549
18.096667543912353
10.135514708068046
8.278307386051786
10.800657584018834
16.697284896592375
25.36259534383537
36.318897457815936
48.97123236285507
62.39673713282612
75.23064508760666
85.75503190654771
92.26162935060687
93.59898331212624
89.61834871265977
81.22423790767513
69.99571326936237
57.63515228397451
45.544948818097325
34.65591965533542
25.45389521743739
18.092553969723784
12.509492734402588
8.509766107750542
5.814421470655232
4.086201887321253
2.949125572673647
2.0165700944068687
0.9340063808793999
-0.5692981128878439
-2.635989917144042
-5.262121203154548
-8.313773565579181
-11.572195293616288
-14.789206550527265
-17.73276958761835
-20.209315977245996
-22.0581778938233
-23.117772059235854
-23.16015922566547
-21.779555286901335
-18.19748432786089
-10.910682825300123
2.9461797685432276
28.67560976055575
75.41992345449991
156.22883082074483
280.26905630900706
427.06925378430117
526.4475858275796
522.7499590201193
447.52843188164667
356.3154542221727
275.5412401484411
213.88505037396345
172.36558210000567
147.39636080248735
134.09398732056155
128.7825604815283
129.79956999631304
137.13185065393318
151.47000432564207
172.79420004719793
198.38239134161267
221.0092011151001
230.0860604348267
217.89183090009064
186.16368182378545
144.83426743325643
104.51000532207827
71.35033165555443
47.03147898056377
30.795879260151214
21.125886570396098
16.545659107186324
15.851999185151014
18.095230633758916
22.492484503940215
28.361119035367008
35.11832059412072
42.373342752786094
50.11885664885846
59.000506563489864
70.60807194560651
87.66909955901943
113.85498430648813
152.50998248011481
203.2264649268465
256.5825338827002
293.19853900756254
296.24343133902227
267.89395310272386
225.3866791762223
183.3319153632911
146.63497962263452
114.73887421172601
86.52610757058541
61.877080255146545
41.19643625929192
24.716739897766693
12.255304920148701
3.3191377798883686
-2.6969077512024024
-6.3577600815974735
-8.1086392484135
-8.248857670482778
-6.9347882897020865
-4.196171047435361
0.03928924985917779
5.909835162200971
13.561906702744952
23.057300683084932
34.23626288832532
46.550411341844416
58.92749493317187
69.7881915992911
77.33840935122198
80.12651874753817
77.61478789603925
70.3996929942295
59.92688367970229
47.9138095372474
35.84156641990617
24.718867168790112
15.09328824341842
7.1840582638365635
1.0314119586904562
-3.385228103965421
-6.067249997692908
-6.945940042109969
-5.851151592530384
-2.4957256397073575
3.5191956253064656
12.662356103058366
25.368652855286474
41.84550066470642
61.783826438081306
84.03751793221583
106.45033859948879
126.08941113381007
140.01936260601113
146.35667620299807
144.98566683854662
137.46716282517065
126.27273899708986
113.90699003862291
102.38472781975395
93.17823161551256
87.51356584397269
86.85634778354866
93.45261233342481
110.6866844531834
142.54164548411424
190.49115455359149
246.27198698049077
285.88412801492916
282.0412197151426
233.12254059613394
165.25646329794733
103.83449172047207
58.54535853019314
28.394464971877518
9.232260338754184
-2.7480480117864734
-10.225583385073975
-14.905073813213448
-17.826236545435894
-19.611993678715024
-20.63170615700486
-21.100602060762565
-21.138187418370933
-20.80184235204433
-20.105762879577508
-19.031244736352214
-17.532131540738117
-15.538017711911335
-12.957412034634524
-9.683207268648662
-5.603343604193056
-0.620266704457766
5.317567631362234
12.170570996115131
19.753561356947912
27.68665748498775
35.37887666556807
42.078679730955855
47.011037555311034
49.57861023043311
49.55217551257766
47.15761637164909
43.012102573763265
37.94430949542887
32.786915174633364
28.220573479075227
24.69903018966478
22.44096423716597
21.457190683777302
21.587727211673503
22.53812318876655
23.916681021193213
25.280067699103274
26.19199593556316
26.290555211470494
25.349297459112393
23.31235008108835
20.29034702320638
16.518852757526684
12.295679053006403
7.918662271049692
3.640373986733595
-0.35378874577239977
-3.947198117009959
-7.080496847672804
-9.73454631184931
-11.913260832760624
-13.629103705980127
-14.892444724331806
-15.704464036876013
-16.05325765295041
-15.9126892503576
-15.243763659388105
-13.998564256368214
-12.127141392270937
-9.58752890588574
-6.358330570610551
-2.4521418384699323
2.074739286617436
7.124246807204046
12.580705981815505
18.367850662807193
24.542735995196725
31.4155064478904
39.660509981066006
50.35090091756989
64.8021496218759
84.05429481335032
107.8412435224689
133.2495483360992
154.20346955185448
163.59886906119044
157.96077872185248
140.46255627879844
118.74596969998774
100.08656260187989
88.49369837300752
84.63694443374844
86.97795380771095
92.95553748994385
100.04038838969824
106.64147233702128
112.50359198896537
118.15726969417429
123.5553424682941
126.87621075613961
124.79917369554965
114.61083911394726
96.510407236968
73.80063084028639
50.86915105694726
31.065643872725737
15.954344143850225
5.7041785306785355
-0.20828523088715606
-2.4590200706807455
-1.5766330616709388
2.1990466161942317
8.98677685363378
19.30635617510961
34.08439946306961
54.543295064483516
81.79623492510326
115.90620816805398
154.39197119105987
191.1063712782169
217.65617872466717
228.3490100398966
224.70144823310804
214.08947382610785
204.07633968376084
198.4151293481338
196.81435156066078
196.63012394000688
194.68118734493632
188.54801518442105
177.23940607018116
161.22975473747937
142.00794760664243
121.430683931487
101.18035366308311
82.48251009283359
66.07023035002756
52.295634286384114
41.28778818493674
33.09388255332783
27.77627942607603
25.456543611333203
26.299679531723122
30.427694499912604
37.75596248852828
47.783665860735454
59.45921892608907
71.35589711311957
82.40327955072453
93.18277258865822
107.44201292788591
133.42137301155736
184.497772899571
276.1427113362382
408.98400627394835
535.5200333829004
581.542500344435
561.3108352738905
557.5968574920736
582.6030564918765
567.388660494992
477.07043516844834
360.6920578012181
267.0576978416137
205.13125943281327
165.96879858349462
140.38816661075796
123.29662601788951
113.64976516247002
114.89960801139324
137.98186127258617
207.74351349390815
363.9149776942091
600.096826932597
709.6717343292768
530.0531291193382
294.2542263485455
153.599320924069
89.90277064007437
64.87329127733913
56.57040114256067
54.62829381764485
54.40752257574143
54.1072291038231
53.41751770166872
52.71939947764527
52.49139531744912
52.89391395199226
53.578334116573046
53.74544647593759
52.42372832872918
48.85856948270068
42.83337557933594
34.761735544400324
25.523925172333424
16.17327659488513
7.683445042294769
0.8357421084010624
-3.7520013452529617
-5.504583473318003
-3.724964199026976
2.585345529058605
14.900822000161716
35.29751270452597
66.40896424105007
110.9567624886977
170.49040512951495
243.20303564376403
321.69123495135796
392.920031337958
442.8182932373115
465.4448058655809
469.2041416878812
466.77283535056347
454.5569352273258
414.3849544837227
343.9836903798291
266.532472192678
205.54553543464345
169.7137389750515
157.91956515324344
166.6962825117674
192.52816582803126
229.8756832438232
267.65734051910516
289.3610375595134
281.93915730008405
246.87087902233756
198.3443533322412
150.99628117692632
112.48663287079768
84.27843584921978
64.90765968714197
52.21992833239024
44.29453765392252
39.659466907342754
37.24411342997983
36.27504952124659
36.18666444254846
36.563539244212635
37.11200355310711
37.65297064025751
38.128709666287094
38.61780135278002
39.35571211922756
40.76168797140832
43.47594068821398
48.41512278565353
56.859362130001266
70.59242330653477
92.12094235188616
124.95583995779953
173.67166195794715
242.5014848000123
329.33058862797765
413.3223024707337
451.9392270777878
416.8575061744801
330.6386203873734
237.05947095364192
160.43182853127703
104.65502790974338
65.98116621783676
40.054120180757764
23.84162134409681
15.846345055722825
16.08874214827277
26.193839040434547
49.34089463239268
89.09535815590597
145.0942134797678
204.78565811339632
240.38822046006592
228.7672902905158
178.18894382298063
117.92895421106901
69.067494748713
36.90216966235621
18.58543471026118
9.689296917217588
6.624169314168392
6.9411540010142
9.03916285787072
11.841927918243547
14.577560726045771
16.664521161948787
17.679113242108663
17.371369612889758
15.691141578181028
12.790391936439226
8.984934367652308
4.682433225326113
0.3006377075556975
-3.7995724095666783
-7.3534035040509105
-10.203787726424247
-12.29362468714297
-13.647633357700704
-14.34915503726897
-14.513479506219268
-14.257549094130955
-13.666141058452064
-12.756332977504194
-11.441090091507059
-9.487143283399398
-6.44984314965006
-1.5462838627048467
6.609830683677218
20.555543342817465
45.06694443997195
89.12631005877415
168.44121444917627
303.529949414712
494.02023574807896
659.224676418421
682.678907702268
606.5582577871301
548.8424123797794
536.2499223603714
532.4475029097581
498.9856185279722
429.0574310852107
345.23003328846505
272.6748674426859
222.5267671300442
192.65985946572422
174.2770836189354
158.0290708579099
138.4010278568964
115.15652735029862
91.54373294013962
71.39109984306528
57.4444736454022
51.37616387479926
54.64910988907934
69.47741023733956
99.40339646395884
148.73038975602364
219.3218107489108
304.39650453508426
386.7593639623989
454.46089447541397
516.4733955749011
574.4121499322937
585.5599115286099
514.9667581410099
400.11073323668256
294.16630730560615
214.16704659149138
155.50755582705224
111.19112153344196
76.96081300930479
50.6044311632073
30.798635430332553
16.568350185943093
7.156511142720643
2.04187244644986
0.9795813351404234
4.0173729604784505
11.453058202715734
23.67276730040791
40.77264071903243
61.88760308591812
84.37276810066923
103.49808204995628
113.6807382327621
111.33359421195694
97.2192923278126
75.89106731744845
52.82567543110354
31.98907573749047
15.210087049541851
2.7553817340383295
-5.879503634907707
-11.425488930156353
-14.577255013540679
-15.910517807788771
-15.884124648333623
-14.86842049095175
-13.169790190586989
-11.03905591672569
-8.663878792283487
-6.154466192202809
-3.5367036521795887
-0.7636285505486582
2.252411161757628
5.595268000389176
9.301942967254686
13.333873489286363
17.57022846812462
21.824336738377532
25.87927582131044
29.534643910579835
32.65334154896979
35.19652763637341
37.23757816615912
38.9517156771914
40.58523520167125
42.413111543116315
44.695275175758646
47.64147851726758
51.396142014191064
56.05981534475881
61.77222526646994
68.88337098078217
78.22031181134766
91.39949299289863
111.006713324375
140.21191546155947
180.99472132351352
230.2207972083963
275.42430368858214
297.85153814386325
287.2915468312148
252.72849694432327
212.85239283659948
181.40323247817616
163.85876775537218
161.43661153602716
174.55166250231017
202.87663460900185
241.47518220214604
275.406737946135
282.6081666340749
251.92917177660055
195.6613378992679
136.09481319112373
87.38138943921052
52.745560236295475
29.90894659375946
15.444744817999503
6.492021383792375
1.0517759477694009
-2.172547925382687
-3.9948509058683057
-4.918524176914193
-5.251442163192453
-5.1779473106700955
-4.802481931672529
-4.175812876851125
-3.3108442190105496
-2.1924419390887553
-0.7840267756617793
0.9673677534080616
3.1260383446233977
5.761279649298246
8.937918196420133
12.701605292057057
17.056303474988457
21.93311884198823
27.153223894823878
32.39508566944082
37.18559309855657
40.93947778121248
43.0615208271318
43.095833544605064
40.868946682851174
36.55823859871489
30.64742800953075
23.79052832647186
16.649398082892034
9.768791251428834
3.5179804987384213
-1.9082605528111645
-6.454074933774013
-10.156482339893586
-13.10387870431852
-15.405221992625393
-17.17030590363936
-18.49885615521098
-19.47589654736936
-20.17101393211506
-20.639895275939757
-20.926919473052703
-21.068036509315426
-21.093494070500046
-21.029865875335165
-20.90102843631178
-20.72804603644338
-20.527720752727294
-20.310059603597942
-20.074939684669904
-19.808545975703137
-19.479939882516625
-19.038097181142604
-18.4091829887137
-17.493905753466166
-16.164137079476728
-14.258390281358139
-11.576195711605967
-7.872310940969565
-2.8531223742162157
3.8199548268945605
12.512786985977806
23.57638604982422
37.26892457754747
53.635875172244006
72.35956195816364
92.62543285234607
113.09852524778364
132.12301099327678
148.18768079966503
160.51266026860108
169.41161783147683
176.0868630430109
181.84031353415128
187.15471149081145
191.32987508207364
193.03777967323387
191.38823346060454
186.60029904280216
179.80192216759852
172.28383367922876
164.73034858425981
156.72827401440074
146.85143980864942
133.53583992460722
116.32390504655794
96.49369596491769
76.56401051274219
59.22679607579326
46.586119363219474
40.02983611382347
40.50096662694932
48.81489648368594
65.7880109359371
92.06135798533656
127.573457817887
170.69897387210432
217.13388256759475
258.8603902016528
284.6590465125769
284.82538221709086
258.7965614341344
216.97914791409048
173.15350857431284
136.3878006182631
109.30616440904535
90.5075073459241
77.30778793512565
67.51228363950882
60.446104019408544
57.81542888850665
65.26613965850083
96.34220148053906
181.56700420441786
379.79350131812555
740.3992932277898
1099.54890876287
1134.255847092848
888.4228715016321
557.0053553513254
307.77924351220304
168.15106581089543
95.96571755109517
56.626873501975716
32.713740469578674
16.67941783935651
5.321381421189598
-2.841079663392994
-8.614893310283364
-12.5088503304988
-14.858777051632178
-15.87131236787198
-15.647562920843828
-14.208129769427162
-11.528964994351009
-7.593945906006442
-2.4656418528235156
3.6348513275102725
10.265479429788488
16.762661648601
22.343531352675818
26.308017922475674
28.262875607406716
28.243582608217622
26.654756132418836
24.065664755582528
20.98505523649845
17.728831880924908
14.414587336077265
11.042715685032318
7.596741378100919
4.111589564183919
0.6914930048529822
-2.512014387439439
-5.338564004987526
-7.653085596019493
-9.364379465913544
-10.427342830472197
-10.833380267100017
-10.594722084046335
-9.727039374638379
-8.232952520050901
-6.0879332894649965
-3.2303711988852077
0.44142455725063817
5.060686911691871
10.765509142396954
17.6465250415282
25.66496523358611
34.54855356079695
43.69609298168114
52.15139694669218
58.71941871917695
62.25314927805626
62.02959117824432
58.02942190118158
50.95607499652022
41.994024102052904
32.471380375464626
23.616336927059535
16.49868514194636
12.143643588593632
11.762391961655528
17.035292295599533
30.329012007559186
54.50994113635527
91.55391225019225
138.90183104207964
184.62926954826906
208.85048800379747
198.5918696658752
161.5914376762594
117.89401276670516
82.58396171267351
60.61764341395692
50.89670209129694
50.54725488152845
56.83828731787383
67.57888853590853
80.96442612721945
95.35484122445156
109.179631741817
121.04454391798812
130.0352357727244
136.1155492195218
140.43070956491783
145.3053981059188
153.75531708044898
168.30979103559096
188.95594599692512
210.71803204030124
223.4185967571471
217.00263991053555
189.84037381769687
150.40854823792478
110.18675749477936
76.85621644846941
53.161564589391766
38.95465803953289
33.207213231397155
35.04802228631111
44.057613042867054
60.16600283260106
83.34222203530139
113.16916187958645
148.40860927456723
186.719221923726
224.70850386008203
258.4646665872637
284.6427753082146
301.82407819752535
311.1894125996686
315.70907075002464
318.5732876602104
322.2979737264145
328.5590490032462
337.4657734127934
345.80595746915685
346.36070982227363
331.4402252753987
299.20782733295226
255.67823161245354
209.9196791194742
168.6217075887964
134.61583161182608
108.07769931184876
87.98358833043176
72.95888517376386
61.64495309553715
52.846673063554434
45.60012510631148
39.20173636915783
33.20339248179061
27.375950217298882
21.651689185431806
16.0614725429721
10.680677442158421
5.591391592959119
0.8613143124695436
-3.4640507647820713
-7.360970556161249
-10.823123465205938
-13.856100883218831
-16.471990121289522
-18.684665466362045
-20.505461192541198
-21.938930316085248
-22.978116565721116
-23.599024122307206
-23.754061818864024
-23.364548349948514
-22.31289116156192
-20.436232656411317
-17.525396479297235
-13.335870828793109
-7.622095578352458
-0.2088649643407909
8.889308327226605
19.31026689542973
30.203282822585916
40.22024037351874
47.76685727913315
51.52109923661242
50.988606284016036
46.73325852840362
40.111669156942376
32.7103984313507
25.851102330463725
20.37915295860681
16.717760813725697
15.062133294648673
15.608865997341137
18.776722785678377
25.41278159185652
36.964977896500685
55.50716590027842
83.26815736135717
120.97530599156774
164.4975058465982
201.71678601391096
216.02393910931238
199.17732239616439
159.63840191159426
114.03510876989827
74.37349061939109
44.678355738831094
24.155702307217144
10.525722354962678
1.6580229033566847
-3.956236748505971
-7.198904868880291
-8.426169555977548
-7.54527032123781
-4.032139463181717
3.1083449625543005
15.41525533421165
35.01495142539775
64.49890227258201
106.40456585305448
162.04747635248202
229.71486249461583
302.80755846602625
368.88420793331755
410.7955302714955
412.43566683068445
369.5036826384374
295.35620486595843
212.50590344163095
138.85134971420158
82.06421438648195
42.154293088272944
15.836802458136296
-0.657762609571916
-10.45311921974644
-15.81164435072312
-18.258195126337615
-18.7698467552907
-17.936810372695064
-16.077645195337976
-13.318814904577167
-9.654362428630517
-4.998874925343598
0.7572749335090824
7.685828059699201
15.75197100532211
24.747149984237314
34.243695494781306
43.60419778681713
52.07645088774579
58.97349520528224
63.879059372861825
66.7722808426465
67.98592150324846
68.00419595777613
67.20443711105345
65.67784427797741
63.216140434453855
59.462042098169675
54.13946039092642
47.24185803039228
39.08717671579551
30.230253169031055
21.30024998636271
12.851117387614513
5.278343788219576
-1.1938853871474933
-6.479846856565673
-10.58262923290859
-13.547248881124977
-15.424565307844812
-16.247122421323073
-16.01439633263506
-14.68458843799069
-12.170589708646432
-8.338965360713278
-3.012109193596596
4.025012391386351
13.0099493706727
24.172686910611763
37.67909920641791
53.532938501696705
71.42767736096168
90.57097704917189
109.57120661725217
126.54873793205131
139.60203585806877
147.5173064932574
150.29333964291402
149.05450321084697
145.38040489918137
140.52807264864646
135.00296025461273
128.5919427961691
120.70414619523892
110.80188656104679
98.74426784761623
84.92967084938174
70.20974877895975
55.64916918366622
42.26464379755329
30.85388211840847
21.950523182642446
15.875943404097692
12.835105239750861
13.011545081923517
16.63209308734779
23.981054822022124
35.34237436019992
50.8440017916346
70.18814410879682
92.30103104693025
115.04445104215095
135.25485788464
149.3579364803623
154.4906379234622
149.59117618471473
135.7839033816736
115.83679821369266
93.0867912304125
70.45019915827265
49.89871262041922
32.41312501270398
18.214993328928347
7.066928698498777
-1.4791037378075704
-7.919945053140831
-12.71431558488101
-16.24596382158153
-18.814545371075265
-20.639027520732675
-21.864331266302493
-22.56592430282394
-22.749073495458028
-22.340293183633825
-21.168174589287464
-18.93052109368448
-15.145418418539675
-9.088244674724795
0.2680555623571283
14.25391740822914
34.3101723511906
61.358952579411515
94.51228318260235
129.47265929992852
158.4260332862785
173.8297594672937
174.63100181436758
168.17213224839716
164.72001364685843
169.9955248381376
181.17108959619418
188.05481799716853
180.0296938476586
154.72948068433323
119.47141197399094
84.36352281893443
55.95148415363759
36.182670230573294
24.269763996666832
18.5081682332454
17.21639105652038
19.056731710832654
23.112077924335306
28.966602031771256
36.96119639964895
48.835198203854
69.14284252434801
108.00814505828919
184.5881246942639
321.5609388158494
496.56366140687743
569.6155543355087
446.5910962992751
262.7778503674009
132.90525681526512
61.627124772188196
25.310738461111477
6.991650473788458
-2.123010525224561
-6.217632777150697
-7.246711349202435
-6.102128023605458
-3.14316205143098
1.5592454257844388
8.091711801379937
16.59670161842222
27.155211499938826
39.63563011105359
53.526408545584516
67.82552933608154
81.10728001740712
91.8540261054957
98.96980978352717
102.18090311718733
102.029860265329
99.47944880172625
95.46750200862651
90.74801052599389
86.05712928288592
82.37510963865671
81.0265769260235
83.52055954640888
91.1898903309709
104.73817258105831
123.79479661416997
146.61281012890896
170.07952137073923
190.0997168209733
202.25808618289742
202.86768401252792
190.6919710723659
168.66508819388562
143.96893192124156
126.38252143276456
126.93073517494824
157.41947342876378
226.0525431440059
319.0963224040221
378.6558589532054
345.4782882058041
244.940876740924
145.66078011023978
79.27766413808983
43.95194748527317
29.867756737519244
29.424113727217243
38.12555269763651
53.18790172608442
72.08814988891952
91.62352306655428
107.91446357636387
117.60222773807831
119.56024958091659
115.57641103230827
109.21246446473445
103.80312377851591
101.06588020116875
100.84459991505403
101.6790268250148
101.7668920025213
99.96788071228255
96.4947328182933
93.03430351877772
92.3512189163422
97.6653339685758
111.97784722940601
137.17786198061174
172.65102888644003
213.77532772818424
252.06066019764904
278.5615039172048
288.30803851579293
281.3561697970921
261.63450552907466
237.38374675543207
220.95003222964522
224.38721494372896
251.2611572392923
286.8801530116223
298.5953885231587
263.3020846545306
194.38298956469166
122.98651544341146
67.67878177403226
30.979812510545223
8.60450177854362
-4.362887138617664
-11.581447557317173
-15.407470813156904
-17.271749755961054
-18.024574217439593
-18.169613999409883
-18.00658125980897
-17.713578706510866
-17.392187289311472
-17.089539668655494
-16.80540741528862
-16.488324105017156
-16.022535824929452
-15.205662790309878
-13.716438350698748
-11.072875061683956
-6.583507932704879
0.6973517123189681
11.982041459550192
28.663610870964284
51.995587914283256
82.312997678239
117.61687318576034
151.9681671093
175.6255938519044
179.3487356232388
161.03606366928136
127.60649076796396
89.66265758302606
55.29799183974704
28.124178339426514
8.473864869017918
-4.844461803183044
-13.391456937844099
-18.566610124635993
-21.44500793068311
-22.778865213297802
-23.054600282340328
-22.55685548090998
-21.42170454429269
-19.67493952504194
-17.256797957918202
-14.036558193992215
-9.820765980468645
-4.359359333048504
2.644861325236769
11.516216199699288
22.565737953380992
36.01882673034093
51.901368806728605
69.88614234902904
89.13030231961777
108.18051071911015
125.06299511611974
137.65528615412512
144.30098468377525
144.42119420675772
138.78171016623398
129.2477727453493
118.18184063922693
107.8139516668887
99.81466561172647
95.08732899328145
93.67925698099427
94.75986639474552
96.76431148593662
97.89751583855974
97.05139573108004
94.80866779709169
93.96337426960115
99.1919776009016
115.72327756887091
146.40963460498165
186.50939227124437
219.5633768328929
224.9792962968544
197.78000454238676
154.2079806945505
114.08228659574696
86.87721831339132
72.6258017854648
67.40252034487939
66.71534504132771
66.77810332682465
64.96370402251652
60.02043913771572
52.03693367834629
42.07135782975805
31.580189037704983
21.91540775402249
14.064001522042863
8.625136168737766
5.921512825063284
6.145924733234817
9.490572052066208
16.24839539412528
26.89926998062556
42.206353459780715
63.35701356647661
92.18976725987778
131.5239473156494
185.41255542746617
258.337516264017
350.39401979890795
445.0387759529109
500.47841636718755
479.59600519517824
397.89022480508277
303.3723193484559
226.64366917660806
173.91427476148903
141.34658893224483
124.02211063732446
118.3649019594835
122.12003348274321
133.9769938653651
153.46128889624967
180.92565462692014
216.58224100710825
256.94856815792764
289.64063876193006
295.0475889458315
262.46207777314396
203.2156642441854
139.5671110061502
86.80907661046345
49.450959658667635
26.311212397815243
15.198677049981734
15.138498981770026
27.173999963101313
54.40970426216615
100.58404694060197
164.81940605568406
231.6402190949387
268.23128313367084
250.30695837665976
191.73422396781353
126.58228443028162
75.99516225258557
43.642811344549195
25.593472639263815
17.049642456822944
14.428648890886127
15.440669517762286
18.70383823218671
23.385233013443706
28.94888296000208
34.98842008218797
41.114718475851575
46.88539172109062
51.780440478127275
55.23606294209571
56.738553790739196
55.95176071654302
52.823472635336856
47.61515356275664
40.836460493382326
33.116671684367574
25.071961090349237
17.21526617226471
9.923951354903505
3.4541405600130903
-2.017556462894847
-6.339012950859568
-9.317831302955268
-10.64014659826781
-9.758773665028611
-5.733256298377381
2.9842916766454035
18.761610138646606
44.73975091411338
83.80066679035986
135.2815502885693
189.38636745476626
225.57548693468684
225.73440553839893
193.06684325901182
148.48897938160923
110.32360648193671
85.09754909783567
71.15913253038208
64.05950309195097
59.50880642293448
54.52428981240795
47.70677550422788
39.0111894695625
29.208802475261884
19.301746253262824
10.115795737089638
2.140238084575828
-4.4519459980237235
-9.706697022330356
-13.787170705387544
-16.898506566777012
-19.24226802310626
-20.993262247140464
-22.28932988910418
-23.227094718619476
-23.85788785342996
-24.179980845802437
-24.122487059926573
-23.515227716700533
-22.036105432055965
-19.12431886451835
-13.845482736849814
-4.701803323456205
10.58061244530172
35.13051590873032
72.42001300961554
124.24697443390428
186.4211972002866
244.33085185562723
276.39770412990816
269.5985302810474
230.85799459663042
178.87702455163546
129.70967826982366
91.40261100777113
65.81832794677877
51.73889006018202
46.94727385381403
49.191687514779495
56.460536820051495
66.96130768327068
79.06382375787679
91.3402036347759
102.70718442367921
112.56614809526174
120.80545944951459
127.62270380071736
133.2659422020505
137.84645122719317
141.30232743385147
143.50317403325906
144.4887681657281
144.89053090337165
146.56549323281496
153.36187737254542
171.82440616581488
211.2995530452214
281.3702823942062
381.9259757622031
487.48564881913916
558.7970608641967
599.6400950623914
649.3683928903281
678.908967396784
602.1180246556149
441.05687090961163
291.18671638466344
191.27901226918917
133.6512597032689
102.92111792531406
87.92604437604584
81.71524802521067
79.92483627000043
79.77788248382701
79.6690798753315
78.96836046702938
77.77638214502825
76.56386357835385
75.79529253976528
75.68363677355815
76.15341652238479
76.98177169530584
78.00446642276782
79.24823119237449
80.89669619739945
83.09591042679075
85.70228068679506
88.1184730032726
89.33554434127556
88.21169346565533
83.8925591566171
76.17132527034282
65.59205500655635
53.246671578259495
40.399875174001764
28.145128748240463
17.219849509123726
7.986178464806173
0.5122499526102088
-5.316876173917683
-9.702453769529335
-12.865010181850524
-15.0058183177323
-16.28990373318215
-16.84291251047036
-16.756504098756864
-16.098952032791043
-14.928829354490118
-13.310050440903794
-11.32578165913887
-9.087879818246407
-6.736999973613916
-4.428990904214282
-2.3054352093020887
-0.4505924612506388
1.1584057300509492
2.6994207173802938
4.5465144572501766
7.307799078766342
11.87106439428776
19.46867375158774
31.756675363007773
50.85780043291226
79.22248694607988
119.00657486235372
170.538676870325
229.75769788445365
285.97408756049305
323.57722022562547
330.19303912680533
305.7531685050994
262.29237712983536
214.67029553736802
172.51903848768762
138.79608095202923
112.3386433072221
90.73154782975438
72.001225902286
55.14305082504387
39.94556646893718
26.578568009818138
15.248847974298359
6.029893494713536
-1.162399350230266
-6.519416397502787
-10.271879244531839
-12.632437507300354
-13.755422328961492
-13.710141193454719
-12.461885241939697
-9.856174689520733
-5.606675924578814
0.7052046292164087
9.597294214536658
21.577869362703346
36.89959921489507
55.12902124197803
74.60716219428146
92.15968948359657
103.67152261531409
105.7896800165773
97.82176162882102
82.17195045779678
62.88186062104813
43.65355729958137
26.773948853349193
13.11460662356188
2.628225277298573
-5.154664367084949
-10.80605780149645
-14.844074853231989
-17.676347289972174
-19.590182262468698
-20.757187997422356
-21.233687859299103
-20.943521792060906
-19.626810788610005
-16.726126715936786
-11.157339578637027
-0.8757410362035487
17.872500849527544
51.55463678031355
109.52466195405712
198.90551908692007
305.99769285548285
375.9557388910912
354.6070602127058
267.0001062466038
177.71266662423224
116.61878125428852
81.67347070663794
62.841112377660245
52.1732138704954
45.100454261398504
39.50249198102675
34.70404641575881
30.76622517525099
28.04577767129671
26.9447250127623
27.774909527220895
30.673047129511726
35.5232497446782
41.878158496997294
48.912833931516374
55.48299416047058
60.35404133721041
62.58386675049353
61.90940592745331
58.925299996452125
54.95280280245623
51.70086789853852
50.925528873801525
54.218905872850165
62.90290043096703
77.88407763899403
99.29320267257664
125.82176684029707
153.9845361583045
178.0961180952872
191.96609984113115
192.07493420502092
179.82933249447285
160.68078015333438
141.07037223233547
125.89823024218119
117.69301196162843
116.87005372432073
122.2085228930191
131.21578447463898
140.51995677852125
146.5752499450794
146.72200746847923
140.1556016223518
128.14675220227758
113.33106931741102
98.60399222338769
86.32789445833406
78.1565613905233
75.39072753561652
79.70634673326087
94.19810275109131
124.57205889815452
179.2158981836057
263.4009651760668
360.1337144539511
413.3192569517954
375.3968412891143
278.3199278528243
186.43296417904705
129.0375806509541
106.08218337846488
109.62161648162328
130.77150801149205
158.1540475032726
177.0621981397548
175.281061104279
151.83252083330729
116.97352861213056
82.95637628614416
57.01405784626338
41.06571055415611
34.22901989009608
34.7634377722603
40.821927763556225
50.480744242457305
61.575842563550054
71.7492432723788
78.93472932751617
82.17691593848997
82.2991495972112
81.91834225835645
84.74270782035607
94.42170927131382
112.99646745792992
138.7306500236387
164.07340680582865
176.97995307658763
168.3088713837457
139.6417149049776
101.68227784643312
65.62097058829963
37.83829057062777
20.55663253820258
14.795448664834314
23.185898547989147
52.37883333908134
114.23123075207201
219.32073986227613
347.5238769025785
414.8008233627795
353.62478604110146
225.17255049008017
115.93279601351088
48.65954242849329
12.626498759863285
-5.452316253463127
-14.111412070060286
-17.97352970415955
-19.40689212904938
-19.608453707967023
-19.186073372037352
-18.453093589464743
-17.574977823667624
-16.642437728650464
-15.708082834836606
-14.804795664454211
-13.954999110637425
-13.175278394346044
-12.478416516421996
-11.874418668446006
-11.370727134125422
-10.972098082589378
-10.680309881766654
-10.493767467544343
-10.407058547035641
-10.41044352136467
-10.4893595810762
-10.623892079544545
-10.788241840646869
-10.950274342676057
-11.071250337012208
-11.105737650053891
-11.0022033820059
-10.704517596065049
-10.154757395242521
-9.297967609546365
-8.089219650800585
-6.5030385261353025
-4.5444413986097425
-2.259378365247388
0.25894613283084617
2.8726848367591455
5.415075650475747
7.7188579914601405
9.650049649980073
11.131792017664344
12.141130944000471
12.672613608240136
12.685394226994445
12.072750320177686
10.69273740482884
8.462035444245771
5.461329523699281
1.9777458749866403
-1.5519174195959893
-4.663449191975659
-6.981953583535907
-8.282012866659995
-8.486873836429359
-7.634090247947237
-5.838510308911532
-3.2702606025466703
-0.14949152289011336
3.2502871616882913
6.603603159795362
9.55169798995692
11.74433202976441
12.900077108649073
12.868255851211275
11.670110355595952
9.502848337545693
6.7062812151891045
3.708054594995734
0.9705405673600425
-1.0424999552143914
-1.8732721493736906
-1.0577955785283641
1.8887331342026568
7.461211686066063
16.088618794893264
27.943527067478925
42.60918646321366
58.67709011609791
73.55878565272154
83.97052997716946
87.29395955095131
83.17744005190832
74.19208838373679
65.14664313883652
62.00925717429442
71.49495957593504
100.96717121950397
155.954646800626
230.54235919020877
293.47594674420634
300.26580451540457
244.45653096814115
166.49725994062746
102.89925231127992
64.00777481731846
46.23068419178835
44.078794991559526
54.29612242422336
75.86311225009783
108.0162998170705
146.56605784158631
180.2483986473029
193.10652808061403
176.3607129294418
137.34962108425947
92.23755226817792
53.24350434669382
24.66845045071779
5.800837729289509
-5.706104169481502
-12.123344632461047
-15.149518865268158
-15.922706310389202
-15.164344988266215
-13.318496574278182
-10.653600651334008
-7.326955424507702
-3.419178236857346
1.0566378001253107
6.1712861495420945
12.128864122980783
19.3651224430457
28.724602286072184
41.77117196423076
61.33032352526338
92.40024391854281
143.37741179697778
226.11143544492555
348.1628203036442
485.39455127998883
559.4633826155207
515.3688696597404
407.83091218115834
311.10726834244815
247.2466221566616
210.12103681284316
190.53073781272633
181.95140105841577
179.7160357624673
180.278163198589
181.77112301151678
185.27257674777917
195.7437619853183
221.59090958751648
271.0329312336485
341.87844777086906
407.54876785014534
426.9017827013213
391.7554815610892
337.30827700710125
293.58085600319635
262.64171093862683
233.67716017712502
199.8569986889758
162.62069393622426
127.11898905452529
97.30533106651197
74.50545475289034
58.20363786320318
47.12958531758554
39.93542109319832
35.49399835582087
32.990482972225266
31.920350029939417
32.044738581082186
33.324073650813645
35.84269709294441
39.73715949033929
45.14312428635148
52.17751606520547
60.968724510070835
71.72698815334364
84.79631919914912
100.55028800864875
118.94283887597702
138.65066519172353
156.24116867788786
166.51067544674305
164.91198721440446
150.7534134599175
127.9680799502778
102.51661382320576
79.16974472049957
60.17924126338379
45.74051906874799
35.02545789470596
27.00721359462816
20.90128582446439
16.304813696220116
13.155439168659521
11.609640360961967
11.911082758661157
14.28900750731765
18.897572780390494
25.78475163658372
34.86925952833437
45.90466693825301
58.41913073330619
71.63689480758894
84.41662807655933
95.27752749031728
102.59703744040468
105.00437679871753
101.8461493380151
93.47169046490072
81.14086397487436
66.6016396805976
51.59305911610086
37.51914486578217
25.378243520562496
15.900337293580815
9.821160496657646
8.274234064094228
13.34889332673846
28.866180456180945
61.133589918644084
118.15055735659983
202.56847773512874
293.63112617097556
338.7157744636089
303.2068114723329
221.3115331721822
147.34592919841998
104.51164904113196
92.43593633675142
105.00408298899197
136.07986354066
177.1578052522174
213.61024468663467
227.44701597096486
209.67353995606084
168.45953913657323
120.54053003696194
78.24669168488292
45.94795525554338
23.11704495881998
7.63444752727857
-2.576190218183773
-9.068800341804927
-12.866612048588946
-14.57399700169754
-14.484825141477405
-12.660545259958518
-8.983487042839881
-3.201586480862284
5.012791473372594
15.96011203174423
29.73427633423653
45.952627392881546
63.45120340926179
80.13142013610887
93.24661476916002
100.26993421838841
99.98785457727922
93.05358623072784
81.5606552507443
68.0336168191447
54.59881584821789
42.71409071509697
33.33600441727718
27.250519400537783
25.396631627902078
29.13198390069494
40.405345889188204
61.68085132107275
95.21488098928704
141.17502287141198
195.0945678695212
248.2373422016565
295.1989357529853
341.47299620077615
391.4227292118446
420.96505574708897
388.65076794305963
297.51219846661485
196.1750659231764
119.44484484286828
72.62783636977602
48.598684165776895
39.65135299595098
40.506832143725454
47.913542306810314
59.60884122838698
73.42097733299099
86.78171926790687
96.91976738646443
101.84336540455898
101.6683474101617
99.42409819101107
100.89132000344189
113.7902157051253
146.17972302352658
201.65889719859675
268.3081327651758
311.014303831823
296.8778741268003
237.87759684730568
177.62703858571865
148.74617404520407
164.2359813187481
224.34324592436172
308.29665811145566
361.78197898124324
336.23284843293067
253.12525748632166
169.24058170056136
112.99123117198532
84.20556622874705
74.18006904269951
75.07569348285116
81.58853744132176
90.50358459319148
100.11371919892751
109.77448235233894
119.4806465924272
129.40569799679074
139.46239530386683
149.00150079941406
156.7690512523031
161.20303705774117
161.03795413269606
156.00185978572037
147.2710245713211
137.46135444927805
130.22980394006117
129.73278356647714
139.98634797192645
163.63075840793582
199.20429017586812
237.30014733789315
260.55299449530935
254.1501753199627
219.3639326394874
171.38049039657704
125.03886899177648
87.23138994188236
58.663327197549854
37.62610672394078
22.153136862130232
10.703701053348757
2.2065647265548183
-4.059204041790256
-8.578889184882005
-11.679516507655169
-13.576388726878458
-14.40025159106019
-14.214003608803639
-13.024770735569916
-10.795368113151888
-7.45915364897631
-2.9423592359819004
2.802124628933059
9.74704461679383
17.7319200751865
26.406069823471125
35.199969474633136
43.36018874227117
50.07155306386549
54.64945110468596
56.73003052352281
56.36260780135766
53.95164394377225
50.0820795238435
45.322266513994705
40.09210870864907
34.63068867356937
29.0445020343498
23.391007031021957
17.751980073918403
12.26841001406686
7.1325588136881555
2.5531843823036695
-1.281791119352865
-4.225794878040163
-6.169630348515886
-7.014879336667437
-6.629654894536415
-4.788963583385265
-1.095171100936353
5.13351214978478
15.025269039699245
30.38516704915867
53.98144861881437
89.74501213866941
142.33215794313747
214.56795257370078
300.4984690664869
376.05536777433144
404.24203862351106
368.2646135465451
291.2196040365936
208.48410309637018
139.91302735196837
89.56652079007256
54.63774695645071
31.005108116457155
15.170553161094395
4.598070496629314
-2.432684919777004
-7.051831818248227
-9.989726301381003
-11.714591995344554
-12.525973242767193
-12.616740944914659
-12.114273491997942
-11.108540038726533
-9.671818234943613
-7.873338130214731
-5.790060768479114
-3.5138149365946774
-1.1544089520297762
1.1623963560067283
3.3027853020928455
5.138690815369803
6.566215570705627
7.525734194508171
8.020131833884044
8.127400269363005
8.005256417589873
7.886522655574748
8.06508490243965
8.871711210526886
10.637914383625422
13.645713379613394
18.064932989218875
23.890395809769515
30.907919548868644
38.72925743818326
46.92018584800341
55.186132451758894
63.49866181999568
72.01720432049308
80.7521185935086
89.11144783802207
95.66237084294836
98.44653721836187
95.8670166590628
87.6281526120108
75.00650524944234
60.25050613676501
45.627851617183325
32.76271858479864
22.476078183964926
14.958760493411779
10.035786200899498
7.383261993530828
6.6630900505010215
7.590770332604151
9.961524707918551
13.65340501959581
18.616421438069455
24.848026173147822
32.34851746470304
41.04692100328924
50.69312245881603
60.73332608835482
70.2261972396947
77.8982421333386
82.42535477499733
82.90688951643097
79.31605170656877
72.6477363039044
64.66983957196831
57.46413183815169
53.04183126416037
53.18160937934516
59.438990834642716
73.15749400102702
95.27801822978219
125.76519245108189
162.61564715891217
200.84433073029734
232.5239920286497
249.0742646215
245.3368348538431
222.44504642616806
186.83805054690956
146.5254436582263
107.87493783222267
74.53659961083558
47.895444295075485
27.95975654121028
14.119700139390316
5.674805143558771
2.201140396416435
3.855948669417831
11.703684822948494
28.08540699726146
56.81684786374126
102.3012447204057
165.3879805756701
234.44804101514086
280.34022924792
276.23323039996154
229.06968460486496
170.7142816380949
124.87019310798823
97.83858811138408
87.05329301471598
88.33236338461629
98.24541360188462
113.94551696910482
132.30135847173162
149.34531814996464
160.74914069351635
163.3983256498133
156.93001877354828
143.71502275634586
127.22394654674201
110.25780135331122
94.22865919240934
79.43893507285499
65.70585650680381
52.83812885776587
40.822162320779974
29.79427348147484
19.932394316228855
11.363442504651218
4.121814703835625
-1.8480704845909084
-6.666133146566819
-10.486280660292644
-13.471337529599346
-15.776356686599714
-17.539494587487784
-18.878463811424368
-19.890476889379517
-20.653991971002558
-21.231327757551398
-21.671242722268797
-22.01141469514985
-22.28030135326976
-22.498414563437453
-22.67889845829358
-22.82694987070939
-22.937854308455872
-22.99275419910981
-22.951025740917174
-22.737122060975487
-22.219047862823256
-21.174286483960625
-19.23852138504684
-15.835339167717947
-10.09644266817538
-0.8156360738535207
13.444189534475782
33.85002070133975
60.106189368383774
88.69197297056215
112.03931738822563
121.34528868333058
112.78030234801554
90.84342147315269
64.54133086410948
41.27106495881407
24.336962513846217
13.925764281000491
8.843800038350336
7.638285238384044
9.045695976853434
12.074911076677058
15.963077652880086
20.121288886885154
24.111031032036596
27.65441717775992
30.665987312955142
33.294788714384914
35.98151060616062
39.565808263865954
45.5211911838813
56.444913576458106
76.94295637041137
114.77153096005179
180.55244788498845
279.7182711529479
387.8902640048264
436.62418730703376
385.0023832662135
286.1362629266514
208.5855244530268
176.69654367003673
189.37833967047243
237.4248075554787
298.12204060326144
330.4484971946511
304.950897004759
238.8042170821588
170.92836529671246
122.87932719481526
96.72635081575399
87.31744942846396
89.01349334325278
97.08121741188556
107.50427291373626
117.09302685602412
124.10579709618008
128.59675468013364
131.7061452165673
134.123514129343
134.9201784146212
131.87341246858898
123.29032318784972
109.95777405049081
95.6066926805912
85.7151375812323
85.70845305837685
98.97403594860657
123.93296445780534
150.77543014288972
163.33078329937362
150.87879291597818
118.7678901167115
82.40895321616136
53.95570460890344
37.637301725656165
32.604022189598055
36.3285944221483
46.11910085240546
59.29525293941105
72.99260540800756
84.27230570953125
90.79347572925869
91.70669980465658
88.0045540284167
81.89606128713254
75.6081450990608
70.40233542369532
66.2597542927926
62.208017930372364
57.02067294029953
49.93505749163677
41.04558661438073
31.218646673110587
21.675713669913677
13.549787793494222
7.627855560370769
4.298175696522124
3.6064940231463467
5.323426269748799
8.9777678152003
13.867168320838328
19.094815140973743
23.68662087302741
26.803348599993143
27.985645362001147
27.31041536462042
25.360860045105042
23.017575553164843
21.175982054732064
20.50726551214463
21.32025086478521
23.520352282764613
26.641941155768873
29.94467035862193
32.57638975422009
33.789120837298505
33.153787793623714
30.691891748050775
26.867037271226017
22.450971397893394
18.341524030315124
15.416894834000352
14.469322017438602
16.210291707642888
21.308398583543095
30.410900345192328
44.09618875367094
62.7022880220249
85.98724578887486
112.64213878092798
139.84586844081127
163.29506137646734
178.19628139616432
181.14795747444808
171.81597928173116
153.04334247800608
129.2907802626646
104.69882174559834
81.98617074149047
62.37031220457846
46.03225418187928
32.64773231240362
21.761527996051218
12.978801406938903
6.029137510744771
0.769442253047943
-2.826394893239832
-4.66478610540056
-4.507390968794364
-1.9262528670877896
3.744951946045742
13.421989926532097
28.149180054166276
48.675237297536356
74.53162084055744
102.7117687217814
126.96811566686206
139.6335789505504
136.2796225722592
119.26844623688163
96.06070109821778
74.33630757533392
58.8537210566009
51.308913180061744
51.44043086841189
57.89710874070923
68.55760340245185
80.65622194627527
91.22316908321916
98.06577591190248
100.86734841871272
101.5381722512732
103.37163687205368
109.42263785614904
120.82948113997891
135.61850916020865
148.71285474707742
154.09024366435878
148.58575940631366
134.24433750567383
116.80461614093352
102.12205091938617
93.86249022413594
93.32533830818663
100.30037693882899
114.01633486577238
134.0175632980789
161.1555782812257
198.64007846705462
252.17220554497396
326.13111378282326
410.76931761811574
466.3176686954237
444.52418207722354
351.18825902413533
240.12132513125655
149.65448708879669
87.25724498689931
46.99238175442836
21.523350837279487
5.446544142028483
-4.6872702080954065
-10.973161132454244
-14.655847788490076
-16.452883603552856
-16.74399407159469
-15.67650652297187
-13.221414825902063
-9.201191919922161
-3.3034712488696716
4.911050397896983
16.0027915359035
30.653984251770332
49.68213520084191
74.02869613768945
104.50778903060574
140.7557858924318
178.82427305263187
208.77474412888577
217.46000949246854
199.18107856738757
163.31993675281214
128.03039802019526
109.69848732912588
120.19569507879218
168.03374613047356
251.17089511670287
335.5043460328795
355.68430152473627
288.92574920746483
188.81128418435117
108.13414926704093
60.59502489933623
40.936510242633446
43.24040435815053
66.79963788142506
116.62926539310556
199.40591336489928
307.47169729495545
392.9457103034101
389.3711995320871
301.4158403313671
197.25372348874697
119.87299042834773
73.50856369495031
49.52086323224566
40.05059150200018
40.39406840699996
48.09916156579575
61.73308420781229
79.82300905342862
100.00480194940822
118.63873993539481
131.39557147252734
134.9261086400688
128.5924690911221
114.71797063974692
97.11078848758204
79.22722909649394
63.2304554882328
50.031079365792245
39.76186181905315
32.24920664682137
27.339637108664608
25.106750284720917
25.999948766387252
30.965245169870812
41.492810432069284
59.398302720806996
85.91538296853228
119.60320878549594
153.55890240021435
175.28542535104592
173.55932325572286
148.15584481347923
110.0961491625435
72.05349159250142
41.20174073075683
19.129451122257805
4.599346960089366
-4.31949979639118
-9.312615678482574
-11.585819299953615
-11.89912206389134
-10.656275315664649
-7.973395019601313
-3.707342958003697
2.5547010957317124
11.530832490004853
24.267289029305875
42.054262773663176
66.03729992835902
96.2345848255676
129.8766609341221
160.03796243693992
177.10091614089555
174.44420524974265
153.82598758962402
123.94428723753205
94.02101257972323
69.47819577731744
51.81974364030763
40.307345890248556
33.39577327073302
29.474788786379765
27.15103384218811
25.33481628184702
23.268388522076865
20.532007835322343
17.020208431753293
12.879215983325615
8.41494179919154
3.996131661758058
-0.022685960073235204
-3.3458767147641133
-5.750678496423023
-7.080933808166265
-7.232151474487677
-6.1345425840657075
-3.734133988966337
0.03604265959903676
5.308821088040318
12.374292529422112
21.811249300634998
34.62373484108275
52.27457558831704
76.38678414407488
107.76071412782532
144.50583116115985
180.1572213817326
204.59462822947629
209.95285562796076
197.06152730627247
174.46729433029935
151.39212174390016
132.97432892212265
120.49414833950907
113.56559841522211
111.65372993419074
114.35019064807756
120.90600737749646
129.73731879379665
138.47147508824415
144.68118338636884
146.81852791025443
144.54427566787297
138.2169799138804
128.20955427002465
114.7890125464574
98.50711085128206
80.48780136578264
62.24217332793996
45.19823557226047
30.32816457844468
18.0495961087926
8.335687299657149
0.8947871758781057
-4.6738937537272065
-8.779113177652853
-11.785233211511953
-13.992325218583273
-15.634058042682824
-16.88376910944161
-17.863239484280406
-18.651195478954538
-19.290072912056402
-19.790122774817135
-20.129984671828893
-20.252405163589486
-20.052950252514005
-19.35862943974362
-17.891125891350658
-15.207315129445112
-10.608302052216976
-3.011368487287603
9.201133252811701
28.27818573048021
56.91109012563178
97.28345251915356
148.87374251215326
205.83157364602164
257.8741079547867
298.0373368565756
328.89389136351775
353.60713473055006
361.86799863316713
338.15921827254346
285.95681075832476
227.14979750157008
179.83124719667626
148.95230516155564
131.44261615987864
122.27123274437999
117.1142302493666
112.95846381885534
108.08637976482161
101.93065019213961
94.78744768409125
87.36669584733602
80.31738906642333
73.91603872856454
68.00684843428202
62.1516541650646
55.874434131838825
48.87831167084211
41.15215573611148
32.948752493787964
24.67670071380535
16.77353377562331
9.613274882936963
3.4680632420066733
-1.484174148088466
-5.124762878638447
-7.348583766842652
-8.017033119805761
-6.91297524295541
-3.698565441808867
2.1205846131426775
11.211045630945854
24.371224935734485
42.36160476823551
65.4927966885239
92.88691779582352
121.58491998006379
146.25736279393595
160.65561845715686
160.79703658619124
147.44538166085013
125.35195063705298
100.18052203503518
76.07590557810987
55.118008436105306
37.90084715042311
24.25949073974091
13.75297644956251
5.906902691850819
0.3178121430262489
-3.3009766328380254
-5.086973464014337
-4.982159410308265
-2.6475890769330186
2.694166419625165
12.53295813394195
29.489551581004427
57.75691119970634
102.85139000841001
168.48618091138167
247.34060944623332
310.50563884736664
321.2527122546802
276.7925974070717
211.7889452534477
157.13782000408492
122.25099422202166
104.5005409898158
98.92521080674004
101.60085087455467
109.79261407519749
121.3557375212876
134.30235563814443
146.75668019799076
157.21874875280113
164.85919819274685
169.53777418972004
171.47354078827672
170.82764283202
167.5752743560362
161.83990291395006
154.54484697286347
148.10942968418175
147.0999273996454
158.93617632493698
194.07060705944022
261.90184138935405
353.77811186371986
418.7330658609541
394.51236330597766
295.8963741030293
191.63651148983254
119.46769465077003
80.54790029727444
65.03137061374294
63.87018863492697
70.33166858522473
79.02577455730025
85.39478125375744
86.1765977663515
80.21980093728968
68.64127844652504
53.95307209281626
38.77929908920901
24.98794049392198
13.492196036154185
4.4730736701722345
-2.297625597488049
-7.204884834152274
-10.64369035918251
-12.953391368963164
-14.399726691857342
-15.179766918657942
-15.435086006758366
-15.265886856522085
-14.743154074582229
-13.917587539963671
-12.825412853165645
-11.491173745324552
-9.927630044662006
-8.132669082725007
-6.082577691390673
-3.7207807255039462
-0.9403801201750474
2.4414266410739986
6.719026337572311
12.344439534655578
19.97770521709234
30.51844672070694
45.05804010650625
64.62574600286278
89.53879155528362
118.26105838374846
146.24791089824507
166.30028005369178
171.90421282556972
161.83643185994345
141.25807792743316
117.96614671712577
98.04430083692151
84.31814989527047
77.04619657643717
75.06190047064372
76.51919631104604
79.26339140863564
81.11476584013101
80.25447657237346
75.66086894126798
67.35551202739761
56.26768159097843
43.78378701973246
31.249122116457315
19.652113776904415
9.543477905283277
1.1110069450639415
-5.692721628599883
-11.035182025874228
-15.124183674075386
-18.16242251484098
-20.32667201826798
-21.76191321125891
-22.583296255487596
-22.881388161009973
-22.72830848316035
-22.183226658496604
-21.296995326521984
-20.115618969373873
-18.683214859141888
-17.045124775235283
-15.25188991536803
-13.364432707375446
-11.459744341190348
-9.63537629300249
-8.009807375934141
-6.715623214990556
-5.8837509321535935
-5.620118685862547
-5.97974309298422
-6.945855619437729
-8.42161028408056
-10.237667389547312
-12.17330525051365
-13.984137207845189
-15.429069160946844
-16.292466334649067
-16.403118072024373
-15.655167395883039
-14.035748896841788
-11.656160498604663
-8.770918915218855
-5.759056246261576
-3.0469814177486687
-0.9818295815675803
0.2958413623407612
0.9160246408852702
1.2490378798529473
1.8101834532650491
3.1649740349132456
5.888275855952409
10.592116393878964
18.005929406025995
29.081568130242854
45.08629744304864
67.60292586212762
98.23054750292677
137.56980480403635
183.0678800547607
226.44939448566402
254.35807069679376
256.0776170763697
232.88179123537833
196.92827746812156
161.18602974858757
132.7629911365788
113.1757839317932
101.1332557570428
94.62521598072478
91.85107448806163
91.43989836090269
92.36347073989927
93.76965501733557
94.8636111102835
94.90793718578577
93.35425662674336
90.05225688563556
85.43808341127914
80.61457571462965
77.29515316383711
77.62738446089989
83.86540994713899
97.71085227539959
119.03471552021635
144.08614071169944
164.72744105207545
171.519075896872
160.45123249757603
136.68022175002787
110.52046272207396
90.78054199359987
81.7431901727533
83.56918771333073
93.31404042766027
105.5591235694793
113.58118491445379
111.9537077552349
99.36311431807287
78.98991296578161
56.00384483246086
34.69258501638055
17.280092323099424
4.268191202376583
-4.7456265091906955
-10.412974592176802
-13.261982899413653
-13.51241409460553
-10.967302967749333
-4.915503375332069
5.954015493427417
23.511734017006237
49.69004011336063
84.92813086059856
125.21872695587386
159.61509396358065
173.57781710538106
159.96876325864523
126.02056231877538
86.25443568548157
51.518180383309975
25.71121727902066
8.293949532077924
-2.7805364105947437
-9.540706397211922
-13.528323009953338
-15.789415339327702
-16.992885470968858
-17.551107077379015
-17.710522652657918
-17.61219906036322
-17.329919719875242
-16.892802631543386
-16.297750282044458
-15.514850459935758
-14.487680747607808
-13.129641722892728
-11.316884106486604
-8.878582839773216
-5.586407294349494
-1.1476743660766549
4.788441256355695
12.594545427897215
22.571985634967838
34.77287732427213
48.73533189499399
63.213942114529615
76.12412098708266
84.98248175992536
87.88759176519271
84.54945375043505
76.61029463750485
67.02169629987094
59.03840641146928
55.51346865718479
58.63225524759199
69.68921201641272
88.38249531931227
111.52347963856738
132.2594490039841
142.1361721596863
136.529803354411
118.78797100286815
98.31993779299286
85.54691205090279
89.59126401711227
119.4739989564828
184.64433396028366
287.10119714012376
399.17723008620055
457.14547894638474
427.6457533144789
352.90825750501836
280.3263313952258
220.14564827031842
167.45400132418354
120.52503275560828
81.22432494029744
51.024834417246524
29.65867417228911
15.789274558296198
7.916853028580998
4.872872335018708
5.957731375214249
10.889466120817376
19.650994564521763
32.24125876714503
48.30407280623083
66.66322248587407
84.97018852426106
99.8926407979132
108.19203200539394
108.31928070087783
101.33902692272473
90.33801490679468
78.87567264425782
69.72458602982772
64.49394283892933
63.883772043235744
68.09070813204751
77.07002382846349
90.564632588571
107.92128016594407
127.77549207008377
147.76318751730395
164.52087208663383
174.27871335374846
174.11380720474838
163.32008839609472
143.89773653945178
119.67130970133013
94.68272254000449
71.94263713060185
53.03310491750059
38.34709158502092
27.545893827911467
19.962617948220416
14.866024939475045
11.598700128075608
9.631889989227744
8.573582683196236
8.154482707388528
8.205746957903592
8.6356984737509
9.408788346308897
10.528074992749136
12.021048514836576
13.927787954595505
16.289893511544065
19.138156081803555
22.47681222212461
26.263302961471844
30.384345384419944
34.63279538380723
38.69455650108912
42.158380323429206
44.56009088345634
45.463201672186585
44.559854248497835
41.75914110103811
37.22786547837513
31.367594232051093
24.742758532982513
17.99677693625999
11.796134798114066
6.829365344671404
3.8745991732361844
3.945652315137902
8.53445502473573
19.9787040769096
41.96671004708112
80.049603278719
141.48407702327222
232.24785038083436
347.1483063632293
454.20129528217177
499.8831629228338
460.7281677714872
371.90934391353846
281.39960366107675
212.2568655026196
166.53467173133478
138.6035978029019
122.43924536851252
113.84210766044043
110.39442476002556
110.74184055702324
113.91680395987672
118.93591053884828
124.65357170409196
129.78340233605553
133.03258485342184
133.33302031171027
130.13031005354011
123.6297421642632
114.88582331896511
105.7073268788886
98.46682614933508
95.93475434259742
101.1325911420781
116.90694720320296
144.53278390811508
180.70059798199986
214.34541400238862
229.166593379885
215.48969420500978
179.54323619471168
136.6858286218302
98.77648310780846
70.05001456212162
49.87822798506035
36.06137447659288
26.482588002038636
19.57209608042807
14.28795382407682
9.982426094111542
6.278915397692309
2.982552431887115
0.018541359135086477
-2.6105191405024555
-4.85349518459536
-6.628536069008891
-7.831469571241649
-8.336878946141411
-7.994010891616444
-6.619816084669946
-3.991107578529276
0.16231519169017028
6.161394663136042
14.374689121858886
25.202736453109637
39.04313759193737
56.23337620897821
76.98226895305207
101.32939260684624
129.19467819371482
160.535900702158
195.4364476622651
233.6602260339486
273.2798275342266
309.07594890810617
333.06146969545676
338.617241395726
324.83436654638973
296.0954085132921
258.3002410497579
216.56840483496785
175.14022762091446
137.51012494452783
106.12759383223994
82.2032424390372
65.9371109691254
57.00705236001934
55.05287248624541
60.005870934053725
72.21199432063581
92.31630762766366
120.85617879491188
157.52246371546252
200.17729745637095
243.99834244936025
281.4088546750293
303.47505429275725
303.0108207156002
278.37512662537165
235.12614844232996
183.33745672120742
132.6265020660278
88.9573758384674
54.46838511932613
28.847157198384163
10.725211753526587
-1.455144680628242
-9.045848323532338
-13.076244655866468
-14.267621066401572
-13.101612063610096
-9.910961435647073
-4.9836163156365405
1.324752154848097
8.485413997028276
15.735240904644991
22.11335074442562
26.635811133082687
28.582749276147496
27.78224686279212
24.74541451887104
20.596784354114163
16.901565735872822
15.598913669787523
19.269904530623982
31.96653840988291
60.778313070536385
117.56256136235561
216.24064020535087
350.965175374433
452.9004133794537
428.62330878921273
307.42617256190556
192.76319695017682
131.1861063276832
124.20289048758472
168.15262963084953
262.6740457241193
396.5192314562222
524.4306826641578
574.4798036419855
512.6318616427959
381.3876333705764
247.87865263792514
147.25824905450554
82.03098316238592
42.645452150619256
19.53561648112292
6.143836592113088
-1.445569832440442
-5.394634511631499
-6.723008994805694
-5.543472935662009
-0.9225174178208201
9.721996777075663
31.85758322104642
75.50919933020255
154.59863622643837
273.12380758274134
386.7057242824676
401.4846833761618
301.60228657025317
176.99218539455936
87.73819285434534
36.97189082534605
11.050596558504603
-1.1540884222867567
-5.937892611861274
-6.300693139586441
-3.2677776233267393
3.525105117876425
15.884869003466727
37.696418994246656
75.99370417511555
141.19938124084285
241.20364346929196
359.24611175789914
430.9987567866236
399.1890596201429
300.1795300664622
204.30701223920352
138.3638229341194
97.7631558552229
72.472913027494
55.58660668213176
43.43874436466938
34.23605872650934
27.07499792758974
21.459183421990797
17.117646917132543
13.964374798665464
12.117138745084477
11.946895100902696
14.155649659852521
19.885262257797805
30.832163207145484
49.24766782058944
77.47914248668215
116.37671269820716
162.03508465912253
202.64526472875724
221.6202192873808
210.0587406446389
175.46732899120326
133.94337737707303
97.40827453856825
69.88766185701623
50.52576954992211
36.965522470358216
27.044494261753304
19.26855312043793
12.762847340975608
7.08276068039237
2.034846153227361
-2.4505509478771024
-6.395235035122334
-9.810914105614664
-12.713751160868322
-15.126922825450889
-17.078423279480567
-18.598042988706293
-19.71501203817318
-20.45679575291696
-20.848776009588644
-20.914695182911508
-20.677446597550155
-20.16009363549534
-19.386821093927946
-18.38374751006857
-17.179027115348227
-15.802076008418206
-14.280997538301675
-12.637524665080958
-10.878623025123396
-8.983920696350465
-6.888272982550217
-4.459485541091397
-1.4718545594774632
2.422811405577067
7.7217338837825436
15.084681950808783
25.311428152074967
39.23966926773924
57.496480873951384
80.03948664809988
105.52458093812693
130.81261315512018
151.25509226578498
162.22849212788995
161.2779682956926
149.2115070703912
129.28889782089485
105.48474506129027
81.21100261117539
58.878124391821885
39.957699213245256
25.220796882104924
15.02178202844724
9.588362831195782
9.299189722226727
14.933160079096952
27.841911947857643
49.87191782199397
82.58708238053838
125.07241566006655
170.3200609173648
203.61829648181663
209.5469046611353
185.25600545438178
143.23085900536574
99.37587370298606
62.93524030098261
36.0459966022661
17.310951784817824
4.511426877508561
-4.2653403919113595
-10.387686496429911
-14.757863049348758
-17.949617399495427
-20.32332266150098
-22.105545046144872
-23.43972376206586
-24.41728735902815
-25.09635197623752
-25.512994674399614
-25.68801687455705
-25.630855980877843
-25.34129826774848
-24.80929947812107
-24.012653531060515
-22.91184380245657
-21.440938773804486
-19.493052257298555
-16.898419648259633
-13.392954940812336
-8.576662415667698
-1.8658745210996106
7.542636135844988
20.646233205463183
38.44171632011713
61.38521530594486
88.36895629138898
115.50825116379573
136.00475301423103
142.75648481107237
132.96108836330205
110.32578769456221
82.26499753418626
55.3522088244381
33.108422200389626
16.378169449803085
4.5576589887556365
-3.446779522296649
-8.728158702866706
-12.197039252554028
-14.542382468446096
-16.243539400382502
-17.59895071452803
-18.763078968049474
-19.788830870313053
-20.67062971230356
-21.381266013755745
-21.897274070237398
-22.211544822497633
-22.335402550552914
-22.294463327812505
-22.122104945284953
-21.853460701266794
-21.521145747274744
-21.152861869787092
-20.770517374240228
-20.39045935014153
-20.024125236756205
-19.678957533635803
-19.35912177366851
-19.066194743218798
-18.799570793703275
-18.556756173302684
-18.33345401417429
-18.12358215295998
-17.919289582830572
-17.71097982154811
-17.487431483479728
-17.236076763473672
-16.943383111734274
-16.595296904151024
-16.177633444349215
-15.67617041676405
-15.075972095367359
-14.359792188758508
-13.505081617414056
-12.479424288226607
-11.234655108729756
-9.7001113628809
-7.776067666270203
-5.328539805025159
-2.186916146433926
1.8540216370135238
7.026240526447694
13.572964464356595
21.723215612690765
31.653220032923052
43.42953564074771
56.928110209016
71.7273565238442
86.9910307482995
101.39544237192032
113.20189598126709
120.57362780664596
122.11951683987418
117.44824301901106
107.42440065296782
93.98225093150042
79.64643251815787
67.05253277633479
58.664561811747916
56.67830639721102
62.901793505145775
78.25058519641325
101.49914726964214
127.53876614288345
147.03212350448547
150.28831621955248
134.1253774935403
104.39536297983352
70.8910856091437
41.026942627422294
17.86074614666506
1.412871734964569
-9.540334206691098
-16.381746687905014
-20.227929124072244
-21.847382148676413
-21.705452849718235
-20.036110905568357
-16.907648531180087
-12.277957706785047
-6.044975942216917
1.900970144384992
11.619727029518597
23.063427289284625
36.03374877560137
50.178005891828235
65.04504015058866
80.20000558130525
95.3681654932599
110.56638404536604
126.19870669405411
143.10000340074532
162.45695470215992
185.44235867957087
212.4053572315871
241.71107872613953
268.8241430030555
286.7080876331053
288.38739619868295
270.8675206648511
237.43129226423375
195.8949413098044
154.35126911100028
118.05879743899379
88.95834434064841
66.74885381576772
50.13646658257486
37.66097924662632
28.08553044054692
20.50770485075209
14.332259277061233
9.191974408931808
4.862806330398461
1.1951013949720939
-1.931172133698956
-4.626829415297924
-6.992953698601108
-9.104636211623676
-10.983042575722047
-12.556397114472217
-13.601832075150762
-13.644753049836764
-11.76683387516999
-6.234534952135134
6.1779311998783175
31.221124542600705
77.91472915441648
155.64026797356618
259.25467522732066
343.81258688355683
344.88725726481994
266.2253528205346
173.78465341154075
108.91459028249143
74.52484116692983
60.67406902348894
58.21584488976178
61.23767574766128
66.30309237545148
71.48909959018177
75.73055365565054
78.41482332836351
79.15161062012847
77.68746300474406
73.92918899376389
68.00715090259834
60.29990041892382
51.37917555862289
41.89359826066414
32.44451294707054
23.500459691314383
15.366332382261286
8.196398731260503
2.0301194313193722
-3.16727493602808
-7.469874327549507
-10.965400177467377
-13.738363418412666
-15.860029021425214
-17.38312414445228
-18.339713587227344
-18.741273909807425
-18.580996013089447
-17.838687946502734
-16.48949407444333
-14.517476819596776
-11.934927460626273
-8.806534766341128
-5.2742360491948075
-1.5740587209286452
1.968222322945721
4.976463169559979
7.105761999884729
8.160621651517241
8.234128871586172
7.864002330271416
8.251774965840609
11.689298418547656
22.47927206142639
48.723236936827114
104.6548847945678
208.47640168307723
356.67945491307927
467.3528962044408
428.6714851687542
285.75654588651673
157.45644382774003
81.80482532180314
46.468890558855406
35.175100066894785
39.09992919954127
56.50114152096872
91.35998586491908
150.45554487481286
232.50227919621526
308.6187058840239
330.02844592538
289.3023063339896
232.2314862798575
194.70994117886033
180.367906072485
178.96310332664697
180.66120894282417
179.94234829428285
174.9646600441563
165.8397744738394
153.30283178134772
138.1712823053198
121.29921897644611
103.61424499904514
86.0556252487843
69.44443142648083
54.37388505466484
41.169014057400574
29.91294015898635
20.511102693685423
12.763393037765429
6.4252476245735615
1.2503403868994565
-2.984747394503823
-6.469654426889852
-9.358597679064724
-11.773671801738873
-13.81033056050847
-15.542981652690521
-17.029735816759004
-18.31606260210025
-19.437326832322427
-20.420318911283783
-21.284201545430864
-22.041007865935434
-22.69587044960352
-23.24710391879385
-23.686172473432627
-23.997579112833687
-24.158757379261804
-24.14001712549608
-23.904614785095546
-23.40919429157978
-22.604460670349216
-21.436135782757873
-19.84613576830851
-17.77355865144363
-15.15529285805716
-11.926023841436823
-8.01809556678559
-3.3626067680712914
2.10597053531463
8.438547431813321
15.651288438774777
23.696926085172418
32.433775472157585
41.60554195633666
50.85016491238721
59.75271566337052
67.94216093099489
75.2062028849062
81.57919645365808
87.36210893892704
93.06605197624123
99.30909055091297
106.70890006821396
115.7891196094908
126.86638507187863
139.8456492208284
153.8797156407552
167.00771930254373
176.15675293309508
177.97969031060495
170.44896144239382
154.13810658676812
132.0209353759361
107.95364660015909
85.132704625382
65.43776958863471
49.58600925325903
37.608672915824876
29.30697221190653
24.59189445517
23.74851964750562
27.700509769509473
38.32997540056378
58.82206614784715
93.75409988863163
148.10986658077405
223.97072290048263
315.7842541368254
412.3193625635754
511.45530665918733
622.4862842218134
732.712997961608
793.2901267816111
755.8522069981582
618.5455805156577
453.37663310985306
331.76190556236105
266.8772298162842
239.03183768257648
224.72179867240334
207.7562065076319
182.2216847618015
150.55102603771965
118.4352867236361
90.5644879796279
69.30113384915266
55.32039796573494
48.68481354079901
49.67759988182897
59.35613606139676
79.88686729258944
114.39368286024352
165.25878010218906
229.0602004035733
289.09347539451727
317.18182534874467
296.9788462768477
242.79110332177203
182.40375868208096
133.10399066264566
98.88827800531404
77.68281404266696
66.35106829079749
62.26853128698384
63.34732334027632
67.74007007754328
73.72101489344192
79.90106025642653
85.71171916232936
91.87209717269214
100.43427123471166
114.06577041980874
134.37060266621674
159.38433351707033
181.6534774910429
190.27522376294434
178.36901978271786
149.26866112917912
113.49919665946177
80.73332840546071
55.62363179460719
38.589142995144044
28.028756369914188
21.86938125919824
18.26063595563077
15.79027707411437
13.507652532110871
10.87918590268365
7.711789993597482
4.055641636130674
0.10050109616961884
-3.915977713244777
-7.773748445641054
-11.305692062981043
-14.40714333960625
-17.028995882054023
-19.163423346702725
-20.82847216777473
-22.055129104805534
-22.877946017229533
-23.329180752704147
-23.43573311195134
-23.21788091109325
-22.68886146400622
-21.854708185938566
-20.71342893130566
-19.253125667666065
-17.44889150601977
-15.258964697927933
-12.621196956280617
-9.451587511513294
-5.647579527182068
-1.0991402742242729
4.289132627184748
10.561678136750658
17.660305622509743
25.3599357690999
33.203766557464235
40.46645931446314
46.19418458800626
49.37337617561148
49.229852181465525
45.55141115250759
38.84306058537711
30.187422630876192
20.878482341018913
12.041867852319122
4.418210613224548
-1.6575073419175765
-6.1551129977323455
-9.217878578738008
-11.056182346783395
-11.882538064875419
-11.882299662471427
-11.207706520611303
-9.984439781636029
-8.323119044945889
-6.331281844586027
-4.1231092794645665
-1.8251354231918155
0.4235643786469846
2.477250150868877
4.195103760556148
5.4566014670613985
6.177378796389774
6.321458401630762
5.906737772336815
5.002554295246456
3.7209539765510837
2.205649627616132
0.6236874212264031
-0.8349487882211477
-1.9452864785717827
-2.418512704422228
-1.8514651170660583
0.351591611423655
5.089460779128648
13.699364368741362
28.06562824887497
50.526616148917526
83.14851350418623
125.66846815161823
172.00302053980315
208.32764090096504
219.13995768401725
200.27496074592477
163.13630307318505
124.01387408931382
93.62142461830423
75.84968052936405
70.89380409996835
77.55571594740759
93.55549767111263
114.51875550753057
133.17837745033043
141.06104732277478
133.20899352072135
111.80713398247141
84.23599940411066
57.8386157717644
36.74243098408765
21.95716314492812
12.781051677990366
7.963749371409085
6.285837582227137
6.7415468173127024
8.543281244451572
11.075948482724018
13.856118362626646
16.512413337824935
18.785464341029478
20.53831783792473
21.765989319245655
22.595558806613376
23.273737312172592
24.147056964968346
25.64810646454942
28.310749873458047
32.85217665031198
40.389194451015605
52.9109388414324
74.19474131483415
111.25280283288068
175.30657079486528
276.8451769745427
402.2587032655092
483.64730076929834
454.67099759762857
356.06854627678143
268.125517585456
217.65915390696094
193.88135312489277
180.49135114434435
167.88233091726522
154.38512186055098
142.97845427118352
137.1183435748079
138.17403913993516
144.82952011009434
153.67283793476855
160.3949576202325
161.26942012433565
154.39624206198897
140.1262482394293
120.54311475931372
98.44872886870579
76.43061388304258
56.33311726417131
39.1474805668705
25.168238026994977
14.242878862343932
6.000801575362379
0.016933238612355652
-4.089965310511499
-6.60596930671708
-7.697262655568539
-7.395595270670253
-5.581328326886403
-1.9538578272793952
4.020462030551622
13.19244843504783
26.850518271528536
46.855307028186836
75.67793758666535
116.00399606268512
169.17015511056917
231.6484860311796
291.01618379909155
328.2896629973603
331.8984409416303
309.2854895839695
278.53179531314083
252.2808808065201
232.43959149632542
214.54607831631026
194.45304621342962
173.03048990112617
156.90006419986383
155.99742909029075
179.6612837815469
229.45135301622926
286.4688560459504
309.3014576827545
271.5841329973153
196.75819394908578
125.84716958268733
78.75452047636853
55.540841036494186
49.283777705945546
52.34641757071909
57.83149580613873
60.20569387160325
56.35938181754609
46.27769542581186
32.328072986429746
17.560197723084055
4.289471026334073
-6.3680252844461105
-14.255208954893455
-19.731861988175428
-23.324992596992157
-25.534949037385676
-26.758209450866165
-27.273278608056604
-27.252227509435727
-26.7770466138029
-25.85086900071653
-24.399114222550537
-22.256701168469434
-19.136920265979114
-14.575988324068177
-7.848352834555285
2.1423406117866746
16.95550120684763
38.550504053571025
68.73230328100308
107.56257990833399
150.5859527425948
186.9267933697715
203.1743535167518
193.68883205569435
166.1275941409871
134.30426530036914
108.24036804967811
91.29191861900365
82.45432626180379
79.18339196486572
79.13606118159647
81.07619122084212
85.38804371446999
94.44219878100971
112.87667434710472
147.35359802156566
203.82898781902327
278.4348636559096
344.00547052985206
358.64001350325026
312.4398725734512
241.50942758496163
181.94081967541655
144.47999334093848
124.27232497091295
113.11044014368287
