3.009265538105056e-36
1.311715074862243e-29
3.8147430057743763e-29
6.300410653068369e-29
1.0235729719163654e-28
1.4812547198400974e-28
1.9424212085417015e-28
2.2840273543194752e-28
3.5139103786644793e-28
6.52149652842752e-28
1.279582417496131e-27
1.929714905481912e-27
2.656455808519821e-27
3.791454468293852e-27
4.605219143488841e-27
5.819827058097678e-27
7.2056142547571e-27
8.606908052101552e-27
1.0151333570906364e-26
1.2125662752635884e-26
1.4895420992324456e-26
1.7236172849693144e-26
1.989173104452007e-26
2.23080937913063e-26
2.5126345143316017e-26
2.796231164394934e-26
3.070375726637486e-26
3.3538783882350353e-26
3.6415513085598903e-26
4.025657522538259e-26
4.453540689631161e-26
5.0072760249792283e-26
5.679816605759814e-26
6.433726579577543e-26
7.224881185209371e-26
8.222112532956644e-26
9.324550996596344e-26
1.0608031792242374e-25
1.2015605547766667e-25
1.3788478736939485e-25
1.5494858866753585e-25
1.7197289868489848e-25
1.9017768148418853e-25
2.1002953827807733e-25
2.3060642860143293e-25
2.4951980102284706e-25
2.6827749592324433e-25
2.8357594673716363e-25
3.028661115215795e-25
3.224640851285207e-25
3.410515956882951e-25
3.6329834599883026e-25
3.9234057747109495e-25
4.231054662559207e-25
4.5760967932203e-25
4.981505094835095e-25
5.450855596480299e-25
5.954487912503474e-25
6.544246666325905e-25
7.214418740787421e-25
7.903849883274646e-25
8.558068843661872e-25
9.253208998766993e-25
9.938743816948741e-25
1.0661871361858678e-24
1.1390389927191913e-24
1.2168477997981656e-24
1.2920620510946203e-24
1.3706852096424042e-24
1.453209029804818e-24
1.5363502252345688e-24
1.6284149330859008e-24
1.717810029909815e-24
1.812337762499102e-24
1.9064004373831188e-24
2.0083763542941653e-24
2.115245593064687e-24
2.2288720204930107e-24
2.3531614850595787e-24
2.472955601263264e-24
2.5995708143792187e-24
2.7344751326035057e-24
2.869092812697082e-24
3.01727415410905e-24
3.179608729240257e-24
3.341582317987622e-24
3.510829041021323e-24
3.702124683290615e-24
3.8811987524486614e-24
4.062893173526052e-24
4.2536019994248844e-24
4.427223911024574e-24
4.6069164433782544e-24
4.80294188169133e-24
5.001793069191462e-24
5.210083124457909e-24
5.427101090127268e-24
5.661528450580388e-24
5.907293986408645e-24
6.1497323402588865e-24
6.40564616730338e-24
6.652152983617095e-24
6.910870347649839e-24
7.175261732152294e-24
7.43940813702294e-24
7.715121981731417e-24
8.027504629522444e-24
8.330313534520206e-24
8.62348268742812e-24
8.926250893821939e-24
9.2364648796177e-24
9.566602622639822e-24
9.905732639981627e-24
1.0254378530461343e-23
1.0601760972633223e-23
1.0946117723056584e-23
1.1307622247195799e-23
1.1668257922031953e-23
1.2028941682049279e-23
1.2435681980719407e-23
1.2849800593441637e-23
1.3248940177136198e-23
1.3649839930648635e-23
1.4034716376526458e-23
1.4409675869424204e-23
1.4800219287290382e-23
1.5192654209130653e-23
1.560271672630204e-23
1.6022406497004116e-23
1.644754494598653e-23
1.6885511362184554e-23
1.7336203642814142e-23
1.7794702296151162e-23
1.8298325258735134e-23
1.8775432100524722e-23
1.9268946818833365e-23
1.9772645182938982e-23
2.0281912612961976e-23
2.0791036267672827e-23
2.1357457358486073e-23
2.194060714829247e-23
2.2543544974202464e-23
2.3156876332145e-23
2.378474335125723e-23
2.4413538308276775e-23
2.504308265186631e-23
2.571247511803938e-23
2.64214298267901e-23
2.713579019427867e-23
2.785546692829475e-23
2.8560117643920776e-23
2.928566727614115e-23
3.0032278271194105e-23
3.076774013502938e-23
3.15138743037753e-23
3.2291776355970204e-23
3.313384400600359e-23
3.3958503998511876e-23
3.4789922583051695e-23
3.566288228788006e-23
3.65269372131465e-23
3.741420261744186e-23
3.8326343002230567e-23
3.923631516747205e-23
4.01525491735598e-23
4.1116880659075255e-23
4.2062793136183084e-23
4.3031601220804834e-23
4.3967586377909634e-23
4.490194109335915e-23
4.58556796964386e-23
4.678520472261537e-23
4.767618123156091e-23
4.8587493506983387e-23
4.951024397692108e-23
5.043412169785051e-23
5.136955713922894e-23
5.23275366624532e-23
5.336126566333868e-23
5.434990661687954e-23
5.53750801831248e-23
5.643164607124824e-23
5.748988381891571e-23
5.859118211703842e-23
5.971278405760525e-23
6.079744894644596e-23
6.185701978890954e-23
6.29694591364701e-23
6.413204408823021e-23
6.531052090445383e-23
6.646929881943188e-23
6.770306451182658e-23
6.899795717410293e-23
7.025648937366735e-23
7.150077999762404e-23
7.273670878165494e-23
7.401576312047796e-23
7.526212716184303e-23
7.651508423387524e-23
7.777352694252608e-23
7.905922276274822e-23
8.041371196359583e-23
8.172259571426713e-23
8.304780320683401e-23
8.434167695693692e-23
8.560270290921842e-23
8.694146093098536e-23
8.824745145215977e-23
8.960851187446811e-23
9.09448886171707e-23
9.228633087118743e-23
9.363052033815457e-23
9.49643352503067e-23
9.634968713471731e-23
9.772014628124198e-23
9.90923204328847e-23
1.0046499991559944e-22
1.0187161139436686e-22
1.0327964603648327e-22
1.0467939688810697e-22
1.0603797000003533e-22
1.0746083550121835e-22
1.0888377434755688e-22
1.103326657997593e-22
1.1177308240184002e-22
1.1318947977084245e-22
1.1454539215164476e-22
1.1595471177193599e-22
1.1738959685316817e-22
1.1882261235557744e-22
1.2024896811636497e-22
1.2173698969348202e-22
1.2328588708176504e-22
1.2489410363308028e-22
1.265247419576886e-22
1.2822195123809243e-22
1.2991965737893608e-22
1.3165997725719436e-22
1.33410759545897e-22
1.3527813239642474e-22
1.3707266884803333e-22
1.3889730493951826e-22
1.408246273984431e-22
1.4272263696373984e-22
1.4468320017075822e-22
1.4668214062666062e-22
1.4877308422475386e-22
1.5080782647283968e-22
1.52928032338291e-22
1.5509703458680766e-22
1.5730307364968218e-22
1.5957726496226205e-22
1.6181802656415503e-22
1.6407250487404835e-22
1.6631770058249994e-22
1.6862811343351606e-22
1.7092280088291746e-22
1.731779743876755e-22
1.7534714456185623e-22
1.774985017050387e-22
1.7976479562853607e-22
1.8211363313651254e-22
1.8449666462020174e-22
1.8690126853376895e-22
1.8926902961837316e-22
1.9160470288941098e-22
1.9397859702750178e-22
1.9629797307080233e-22
1.9858698345333447e-22
2.0088833520210628e-22
2.0315651602159136e-22
2.0549960241695943e-22
2.0791063031742432e-22
2.103689208552594e-22
2.1277560182876908e-22
2.151616778189299e-22
2.1769520763193155e-22
2.2025992759314293e-22
2.2273503673168564e-22
2.2515966965678354e-22
2.277200099937069e-22
2.303027652600378e-22
2.3304064985862354e-22
2.3588018079103744e-22
2.387518887691965e-22
2.4163427069925257e-22
2.4457993411866817e-22
2.4757143313360724e-22
2.5051214551666547e-22
2.533940558193848e-22
2.562428728183226e-22
2.589588937131944e-22
2.6166757805826487e-22
2.643443925725325e-22
2.671148462646285e-22
2.697980160144124e-22
2.724329367557741e-22
2.7521336750588123e-22
2.78018338442334e-22
2.808470359942149e-22
2.8358686047536957e-22
2.8630499632778125e-22
2.890274358298392e-22
2.9196185508382e-22
2.9479568283426243e-22
2.976793463822125e-22
3.004040364210033e-22
3.031981581961995e-22
3.0604551172375823e-22
3.0891768764535386e-22
3.1178930178185718e-22
3.1461983999749735e-22
3.17461316310918e-22
3.2031933702774643e-22
3.2314526277407076e-22
3.2597226921404043e-22
3.2878709437271377e-22
3.316416896909619e-22
3.3457021848118e-22
3.374067839873957e-22
3.403315307279179e-22
3.433187633924455e-22
3.462691662334351e-22
3.491226970770354e-22
3.5197799632901874e-22
3.547798432162932e-22
3.574304030186508e-22
3.601143892401419e-22
3.628381361370371e-22
3.6555051762132686e-22
3.6820395865109596e-22
3.7090401743100846e-22
3.73410375023018e-22
3.7602440287590193e-22
3.7868915441570198e-22
3.8133460019736897e-22
3.840415254384457e-22
3.867833752140456e-22
3.897677952933132e-22
3.9272662006093504e-22
3.956771658275396e-22
3.9876216345225114e-22
4.0202273906699564e-22
4.0537403102861653e-22
4.0877228904472415e-22
4.120180638039727e-22
4.1523306095222643e-22
4.1840345290579922e-22
4.215800420214165e-22
4.245706200146469e-22
4.276238532381755e-22
4.307836007193229e-22
4.339594066758025e-22
4.370063319352186e-22
4.401823801843271e-22
4.433723383024069e-22
4.464552179621273e-22
4.495145142040773e-22
4.52721440250273e-22
4.5575321990258e-22
4.587409299783572e-22
4.618663957359982e-22
4.65181204325273e-22
4.686648270282062e-22
4.722100316347573e-22
4.756767827314475e-22
4.792373196272495e-22
4.829578844994262e-22
4.867015293301831e-22
4.905458075806653e-22
4.943483425085175e-22
4.981818168533201e-22
5.020790014729635e-22
5.0598391673806405e-22
5.098043573377274e-22
5.137057554243104e-22
5.178025586303224e-22
5.221456992291003e-22
5.264433384376796e-22
5.309165666402186e-22
5.353846362246435e-22
5.399424040322306e-22
5.446329661392499e-22
5.494645689646498e-22
5.542384541934146e-22
5.589134022568191e-22
5.635386461874066e-22
5.68172999303626e-22
5.728539605658749e-22
5.774947848992387e-22
5.821261483014749e-22
5.868112463508705e-22
5.914550891881189e-22
5.963605916046053e-22
6.01249950907353e-22
6.060046574184158e-22
6.10892563510963e-22
6.160134002356051e-22
6.212235084489022e-22
6.266124727191424e-22
6.319241589688432e-22
6.372773522024329e-22
6.427000578603784e-22
6.480847302781994e-22
6.533575463645082e-22
6.586010474014551e-22
6.641260267183264e-22
6.698198295595235e-22
6.754786677434977e-22
6.810416005855067e-22
6.867465675370337e-22
6.924286178488362e-22
6.979038543137488e-22
7.032301604104399e-22
7.084830539313957e-22
7.137191628363953e-22
7.189601788749481e-22
7.240944270489101e-22
7.292016246143463e-22
7.344798457794483e-22
7.398561223645274e-22
7.4526324184793665e-22
7.507580179089249e-22
7.56045847825823e-22
7.612370719678237e-22
7.664355935184623e-22
7.717242366996743e-22
7.771283344419323e-22
7.8250056107277425e-22
7.87845442784727e-22
7.931529530814491e-22
7.984067924260693e-22
8.037326433761271e-22
8.088851336322265e-22
8.140698330791636e-22
8.192560750327447e-22
8.247195951305743e-22
8.302832514170813e-22
8.359647462985764e-22
8.416296492938007e-22
8.471387691512614e-22
8.525565177100448e-22
8.57840952517624e-22
8.632231732964985e-22
8.687198366149968e-22
8.74000919938728e-22
8.792686270738756e-22
8.84242486066327e-22
8.892528915762365e-22
8.942312888162288e-22
8.99060260363213e-22
9.0404172401437e-22
9.088825895924441e-22
9.138124334893421e-22
9.187852755527955e-22
9.238754365733596e-22
9.289568809154557e-22
9.34226610310347e-22
9.393200125519855e-22
9.443619063274766e-22
9.4951168637484e-22
9.544948298521868e-22
9.594218541694006e-22
9.642515070646838e-22
9.688918616606626e-22
9.736203585114986e-22
9.782462941337084e-22
9.830369310092098e-22
9.880856617132514e-22
9.933295557206017e-22
9.985547665387745e-22
1.0039930744436177e-21
1.0096557241899142e-21
1.015092898461554e-21
1.0206713030240968e-21
1.0263584974851005e-21
1.0321027997106062e-21
1.0377645746814589e-21
1.0435874597577896e-21
1.0492120841411063e-21
1.0548151106633844e-21
1.0605487876121167e-21
1.0665443756999076e-21
1.0724307716680917e-21
1.078212537258856e-21
1.0840948814639711e-21
1.0900054212085213e-21
1.0958415531847746e-21
1.1016673249250279e-21
1.1072397217149489e-21
1.1125941252915018e-21
1.1177684610361502e-21
1.1229742742247557e-21
1.1283502270654783e-21
1.1337672473227353e-21
1.139151975939449e-21
1.1443844073464936e-21
1.149898456302411e-21
1.1552232435864966e-21
1.160290672018107e-21
