13396.780016352028
13396.786632540978
13396.798444376362
13396.815477349475
13396.837777226117
13396.865409730954
13396.898460385197
13396.937034534263
13396.981257615485
13397.031275730582
13397.087256601555
13397.149391002713
13397.217894771758
13397.293011509935
13397.375016080636
13397.46421900765
13397.560971854165
13397.665673630036
13397.778778223714
13397.900802780596
13398.032336842829
13398.17405190945
13398.326710843316
13398.491176193826
13398.668415942819
13398.8595042811
13399.065613563042
13399.28799119552
13399.527911272457
13399.786584212257
13400.064996693942
13400.363635716541
13400.682019241376
13401.017902180143
13401.365933792324
13401.71538118395
13402.046250440664
13402.322636640409
13402.481246018197
13402.411457526905
13401.920519361667
13400.672736260218
13398.083954104304
13393.142775705346
13384.125485143086
13368.208108478048
13341.176455892288
13298.086564253455
13237.063524192241
13168.413754862888
13121.625172240027
13126.957875617754
13179.746488105075
13246.256508963908
13300.15820813017
13333.930557527123
13349.7664940765
13351.554894531248
13342.211961298608
13323.931132044947
13299.578675838844
13274.194582342187
13255.11498702638
13249.228601689965
13258.635054051063
13279.168080201516
13303.640942196771
13326.139696951454
13343.787732523777
13356.176648146526
13364.158800787247
13368.951478942436
13371.671914365643
13373.140587707836
13373.804046292753
13373.69804412232
13372.416858929719
13369.069875560659
13362.20730002901
13349.703629866795
13328.629959109148
13295.299363545817
13246.117509855747
13180.776472875068
13109.405667119912
13058.685420371527
13058.663228985546
13110.724271850533
13184.796062407246
13251.216603799943
13297.235638660035
13321.05320274837
13323.010385552147
13301.325007557316
13252.58027835791
13179.244033247322
13105.33269747515
13078.151513108294
13122.137685639627
13205.017503545594
13282.63950760242
13337.399614987982
13371.112800713287
13390.515322705858
13401.261391244625
13407.018182729515
13409.960390880962
13411.342423277709
13411.888508364205
13412.022784476818
13411.997341689692
13411.962096386378
13412.002623000002
13412.16134508774
13412.449908017154
13412.857389340426
13413.356392022308
13413.907805441499
13414.464894308025
13414.97633003938
13415.3885780163
13415.64746038069
13415.69902710147
13415.490082003334
13414.968532736424
13414.083755757556
13412.787179651543
13411.033538352936
13408.783259070637
13406.007012491094
13402.693664255663
13398.863057922244
13394.5842329995
13389.996707470169
13385.32866854012
13380.901104459726
13377.104719657302
13374.342856952651
13372.947505952485
13373.094293636213
13374.751204522438
13377.68489239476
13381.522329827741
13385.84069879378
13390.25069791939
13394.45005058646
13398.241795220833
13401.525850266846
13404.276611445679
13406.517781377677
13408.30059811262
13409.687880379102
13410.743851230483
13411.528235451264
13412.093337368497
13412.482554478256
13412.729155120789
13412.854494278085
13412.86432087133
13412.741833659227
13412.434640055184
13411.830820828332
13410.715421929735
13408.691169933749
13405.035036815194
13398.443674123351
13386.607106736084
13365.599577251407
13329.420699494309
13271.277188801043
13190.793156457868
13109.830831382049
13076.020788444484
13116.484924975592
13199.32326149129
13278.208903333103
13334.101055154513
13368.570241727875
13388.505232241294
13399.709340626358
13405.921019599607
13409.325027315392
13411.148775350894
13412.069574241568
13412.4553358334
13412.499293432922
13412.293390500567
13411.866961044814
13411.20500757055
13410.253761024247
13408.916222468915
13407.038097207684
13404.383017881044
13400.59503462307
13395.148488317358
13387.291861309166
13376.011341012309
13360.079506887661
13338.319936663158
13310.266076436717
13277.247859122612
13243.304975948404
13214.394181435957
13194.908847227416
13184.048089181899
13176.691862728867
13168.702576122145
13160.889587629847
13157.316102273766
13160.081824734238
13167.129510102328
13175.632364603804
13185.73917230442
13199.485544472402
13216.496669140533
13231.894597788443
13238.46828214682
13230.562205534769
13207.49947662898
13176.130119985759
13149.857090877864
13139.920600111564
13144.829095779844
13153.056892034361
13157.56249435616
13163.892853192308
13182.724722030354
13216.143779847449
13255.083867240912
13288.887922236692
13312.576825128734
13326.597623514948
13333.789848124734
13337.170027007875
13338.97118166662
13340.399331199469
13341.711062423676
13342.4495835633
13341.775840181832
13338.852290453153
13333.226502418418
13325.11724670998
13315.432797754418
13305.35398983818
13295.554340957433
13285.543283345924
13273.751565044871
13258.509957162556
13239.415419667996
13218.326899999574
13199.371851832739
13187.664737887753
13187.081045211353
13198.306964691825
13218.56375653987
13243.206104196004
13267.903624608947
13289.984931825706
13308.576131412949
13324.017407964528
13337.145217125799
13348.76477572353
13359.394489810069
13369.23429513037
13378.26155547122
13386.360400534817
13393.423332361584
13399.403779554605
13404.326391361908
13408.272890947164
13411.359432194597
13413.715376118907
13415.467541367267
13416.730458021004
13417.601454728185
13418.158812959606
13418.46203792526
13418.552828763215
13418.456333433018
13418.182271810716
13417.725625460353
13417.066916401676
13416.172106124293
13414.992147192665
13413.462360004107
13411.50191390659
13409.013887182802
13405.88640066841
13401.99569469346
13397.211704352954
13391.406567285412
13384.465268215996
13376.296503183385
13366.839682832333
13356.06419664668
13343.960386589486
13330.533583967548
13315.833173063775
13300.067982292081
13283.848193860193
13268.502964929612
13256.23797466473
13249.757280314043
13251.202167641432
13260.94520541878
13277.213706424538
13296.90254074377
13316.869446053024
13334.790159113887
13349.291913867071
13359.638591686431
13365.315390613043
13365.709905267215
13359.983037513193
13347.245192355313
13327.24386876323
13301.70988997625
13275.84379013549
13258.024595608467
13255.716878078636
13269.784915804401
13293.474694738768
13317.293187185456
13333.911609951669
13339.309158051328
13331.574113173107
13309.822049507462
13274.41487618501
13228.488813339565
13179.463301428998
13137.936041127386
13113.343348322918
13110.72895894301
13131.088061696713
13171.018447428287
13221.727590746072
13272.316671168606
13314.986740045275
13346.812264488957
13368.217925961268
13380.905099535397
13386.580897997073
13386.47206420351
13381.272002661444
13371.28218471785
13356.651166833319
13337.679768022708
13315.138496588921
13290.455292177056
13265.558796787505
13242.273930324258
13221.55058905874
13203.187991429573
13186.613602706759
13172.5707482576
13164.51861794631
13167.7417939534
13185.422937767007
13214.91511321603
13248.566864184726
13278.04362576245
13297.429937752455
13303.321504983822
13293.421696063948
13265.438193982167
13217.422536836872
13150.488944813102
13073.702937414357
13006.434577570115
12970.514254041274
12976.55233243842
13020.0519864496
13086.805609847872
13159.461242078716
13224.485709764778
13275.758764470385
13312.96595867184
13338.30462603034
13354.281320848495
13362.883041568362
13365.533846816405
13363.374838631906
13357.637649975519
13349.964014190778
13342.492131930876
13337.530814546495
13336.845402683444
13340.942712897313
13348.87624382251
13358.703982633255
13368.180001156687
13375.128848690289
13377.219102175262
13371.080452293889
13350.745316119222
13305.787984564116
13222.283739414805
13098.082267684025
12982.229632039758
12966.923149384715
13051.756169843404
13137.338214115898
13164.65770360634
13137.045892467568
13093.574077817308
13087.557962293326
13139.93019772923
13220.255347527782
13291.842277196434
13341.493994196673
13371.804049169428
13389.08793154266
13398.53506824397
13403.517848152538
13406.04342336394
13407.264216794487
13407.830095225092
13408.100008521717
13408.263176880591
13408.408221046244
13408.563366942259
13408.720723487657
13408.851261665008
13408.91387870086
13408.859522116894
13408.630402882078
13408.153787057148
13407.330065713044
13406.014897908035
13403.99641279878
13400.970449160799
13396.51964771278
13390.1092353652
13381.123607692452
13368.985765644182
13353.41466536837
13334.849527348097
13314.937704051375
13296.718185618487
13283.955919980714
13279.514438443937
13283.739260776789
13294.260724450642
13307.369526702909
13319.66440721718
13328.844928498187
13333.627410291583
13333.339567388399
13327.641858278535
13316.53701374236
13300.606786535278
13281.188842305353
13259.87487071499
13236.342022051631
13203.416435257666
13139.376420317712
13006.71964387262
12807.063218883393
12719.822168953764
12895.154520254504
13127.07723845897
13272.80620373681
13345.618187293618
13380.27979890117
13397.092188576511
13405.540889409987
13409.866960560263
13411.988212152157
13412.794269021437
13412.703672081394
13411.908335039561
13410.487369720131
13408.467081134186
13405.859907508311
13402.696372578706
13399.05384746886
13395.07929183921
13390.99825422937
13387.100480357625
13383.696169961626
13381.048924610659
13379.305916378222
13378.454715006334
13378.32919529077
13378.665752854413
13379.187418677742
13379.68278344404
13380.05197514214
13380.306964843492
13380.529698787239
13380.803573601934
13381.13988870099
13381.420252550004
13381.368384934509
13380.552578588704
13378.409567226714
13374.276287331058
13367.421855279155
13357.083123591916
13342.520441865323
13323.121409906726
13298.585390389066
13269.212285221485
13236.279672948629
13202.399392364292
13171.597166759853
13148.751210109423
13138.202326753913
13141.98224587682
13158.769120134744
13184.424932383265
13213.74334797898
13242.191415074658
13266.800471352182
13286.209906385047
13300.282949674725
13309.651538906777
13315.347490258442
13318.541779603875
13320.364132929153
13321.775066233322
13323.478967547884
13325.881232378302
13329.093089665404
13332.979707500432
13337.235816426684
13341.467893627116
13345.265648356359
13348.253564479146
13350.121060849837
13350.63466475144
13349.637246985463
13347.03831551275
13342.79845603371
13336.908446778667
13329.362064035153
13320.122388824175
13309.088582505767
13296.084189210887
13280.899617202636
13263.408028268275
13243.719626792119
13222.27534196841
13199.797177544935
13177.141592961698
13155.170683399892
13134.565873387704
13115.291744558406
13095.556450804834
13070.409433160585
13030.671490247723
12965.192729621647
12873.60769817439
12790.9619064848
12781.87654479176
12862.644138117537
12978.394289147906
13080.865969331704
13158.302353877098
13215.691680794514
13259.638917873503
13294.301106005154
13321.516611117035
13341.607164104866
13353.780777107773
13355.902148379104
13343.692994454112
13309.899776869917
13245.825530773576
13151.909008961198
13061.021283602578
13036.303280570295
13094.83498136683
13178.849352826513
13235.975241396973
13254.306389061912
13243.762697201175
13222.255375102499
13210.082574362954
13220.81944879326
13252.840375916163
13293.551122376088
13331.101856902165
13360.115894625264
13380.311475715689
13393.513093607256
13401.813367579336
13406.899518298807
13409.953857072649
13411.739228568636
13412.703559419522
13413.050858061402
13412.764273462784
13411.57255758286
13408.83984771407
13403.33870178514
13392.847947542106
13373.550150883126
13339.488756646246
13283.444857691398
13203.07255868033
13115.814714540646
13065.941096742601
13084.408294570047
13144.147608426532
13197.399889301532
13223.7690222573
13229.090460825464
13229.034512108836
13236.949608912944
13256.824222725925
13283.876515897031
13310.936840854856
13333.499008627807
13350.439085804606
13362.525648088109
13371.003874721004
13376.908649945633
13380.905740717008
13383.351154046873
13384.384345413546
13383.989148911543
13382.02086974387
13378.217618337098
13372.214619502762
13363.576069224231
13351.86135561762
13336.750249580908
13318.257088835886
13297.042125775575
13274.740005914653
13254.060466893847
13238.308051843856
13230.22031603138
13230.701346536527
13238.427524591876
13250.662303640489
13264.56238316246
13278.06195336108
13290.065252197399
13300.22224053746
13308.624638121202
13315.5856890163
13321.516577470837
13326.854219671208
13331.999821819576
13337.256458600099
13342.779322010992
13348.559728845517
13354.451647119982
13360.229193657688
13365.651765536632
13370.51485991983
13374.677150560728
13378.066134494662
13380.670963973593
13382.530944618991
13383.724952212513
13384.362822401694
13384.576971461776
13384.511438944583
13384.30537239113
13384.069481621878
13383.855257270763
13383.618579888982
13383.17925744149
13382.178756986834
13380.037850802122
13375.920339328077
13368.719440090888
13357.107144836824
13339.720510459567
13315.582422974136
13284.803641417471
13249.396322163808
13213.676909559737
13183.623860471958
13165.134870795937
13161.963909277496
13174.239807493956
13198.186994998032
13227.45424798024
13255.533321112613
13277.76825098364
13291.971952250073
13297.959037193163
13296.849104774385
13290.67147700549
13282.230219724348
13274.796145181277
13271.248553897603
13272.89636308171
13278.841627537806
13286.49916865228
13292.87463433799
13295.68303103984
13293.82734334053
13287.365215419595
13277.253902329634
13265.001060376464
13252.214887702421
13240.130450309052
13229.405859903385
13220.495185030799
13214.442596669713
13213.282191714738
13219.209016059149
13232.842324807418
13252.206209791191
13273.55470170307
13293.23890246063
13309.057982290451
13320.512045787425
13328.35034673188
13333.933906251885
13338.668625221711
13343.589833086633
13349.141262026364
13355.172636706004
13361.11755918101
13366.250080133497
13369.909752233945
13371.63122098739
13371.169020652114
13368.435259101972
13363.374286067668
13355.805677869577
13345.294987802254
13331.159057201216
13312.7489171744
13290.10378094931
13264.801996512222
13240.297097165132
13220.72584528601
13208.263792030235
13201.330369330752
13196.017766041568
13189.774305018627
13183.954337516228
13183.04120939904
13191.207634392513
13209.21990969553
13234.312900957482
13262.406199559186
13290.1192761744
13315.399950025629
13337.277014946349
13355.461825790519
13370.068130179461
13381.439819003275
13390.0360478579
13396.350906925052
13400.861403040788
13403.998388440717
13406.13352690753
13407.574679503301
13408.565047314625
13409.28375546944
13409.84800430666
13410.317924135565
13410.704470419765
13410.98009985822
13411.09044886248
13410.96525082868
13410.52731139252
13409.699874811968
13408.413223392876
13406.612124690138
13404.264897880903
13401.373634117752
13397.982362979637
13394.176662736254
13390.065314833395
13385.731976866724
13381.145224445958
13376.016359065621
13369.594329918309
13360.385014515645
13345.798744803182
13321.857161104823
13283.568360128045
13227.711650957077
13160.47637301026
13106.264552904197
13097.67385634987
13140.804648836882
13207.361256149745
13268.03737396524
13311.821958983033
13340.110197296555
13357.707827016986
13368.836314925513
13376.334370471432
13381.89456114208
13386.44560379533
13390.452874775456
13394.119175308939
13397.509836193305
13400.626579991214
13403.447917576903
13405.94839424975
13408.105481057926
13409.900298137949
13411.315436578885
13412.331679937959
13412.924738581687
13413.061567707573
13412.697107651558
13411.771340646957
13410.207784307677
13407.9145040449
13404.789338978386
13400.730416465132
13395.652724632924
13389.508141151586
13382.302081646654
13374.093556176345
13364.960879471773
13354.91962280067
13343.797279825207
13331.098027689835
13315.912604679826
13296.913308082698
13272.41787317
13240.48169077093
13199.21142359562
13148.258013631143
13093.012762762744
13049.593235157055
13039.544167695503
13069.012836208285
13119.490722249682
13166.960713468412
13199.83628061149
13218.842488843244
13229.880793189217
13238.69019850458
13248.530184431722
13260.126155626765
13272.819685471453
13285.748669756513
13298.384657265828
13310.496712600678
13321.935910824592
13332.51515452318
13342.027836240904
13350.325242626135
13357.372644601828
13363.25393169997
13368.135401711726
13372.213455007048
13375.667105614903
13378.627575423776
13381.16766016486
13383.308358904662
13385.036460056712
13386.325834031339
13387.156029202228
13387.523625926986
13387.443427152031
13386.937693995764
13386.0129008251
13384.623439600242
13382.622993881061
13379.70538506764
13375.339402710024
13368.70990303281
13358.697708496704
13343.976058645272
13323.375947633689
13296.722198910922
13266.144393343406
13237.06513190175
13216.994906742904
13211.182398437133
13218.387198671615
13231.653805022723
13243.15624329673
13247.718884749442
13242.619271741067
13225.289652864165
13191.848112006082
13140.269654972592
13081.37582551686
13047.838146208296
13071.183273489767
13141.08416922102
13219.05082531323
13280.37275443592
13321.457933053867
13347.51300083855
13364.237014145821
13375.484150937502
13383.349250317016
13388.721130916756
13391.708581862036
13391.839847544054
13388.055398354141
13378.528844327857
13360.367980370851
13329.349847803725
13280.153551598185
13208.188920271248
13114.64126918688
13014.148427659482
12935.361619314554
12899.164339156552
12891.267154923857
12877.339262603853
12851.36529834767
12847.256748004806
12880.17180759836
12912.856016251033
12911.654800405753
12889.383871727814
12890.391498293273
12943.88236235285
13035.642797922832
13132.532622786766
13213.545002646259
13273.640279939431
13315.672441034165
13344.36084643171
13363.864140463787
13377.23487047504
13386.536114868948
13393.098503526613
13397.747076516865
13400.961679345111
13402.976226065266
13403.8293055768
13403.375555945067
13401.263525097307
13396.88398000702
13389.300432326258
13377.202614636786
13358.99770761069
13333.28966533571
13300.119133451024
13263.024327187875
13230.484041969497
13213.339717463654
13217.264576282281
13237.476759845236
13262.640343619434
13282.708660322989
13292.463739966228
13290.459099336893
13276.775814919576
13251.344783587396
13213.078164956267
13160.460644221974
13095.892733166897
13034.941157410007
13008.914739122123
13039.573858275224
13110.782085207535
13187.407337950835
13247.88821910463
13288.079998659088
13311.339927247038
13321.919457281389
13323.02053250292
13316.982646482717
13306.115746513235
13293.517573917701
13283.30199422955
13279.697014361049
13285.214821835998
13299.288370968796
13318.717332276368
13339.514246788158
13358.555723497264
13374.137311595692
13385.68017179912
13393.177811664431
13396.72630903965
13396.206757872706
13391.0715572008
13380.182691065054
13361.71343052826
13333.261494865223
13292.56641399448
13239.45768289121
13179.153447555549
13124.443770284868
13091.328855140551
13088.10429698617
13109.916850394291
13145.096408428652
13183.107975892106
13217.105139663998
13243.563224650876
13261.476015683758
13271.44626213302
13274.822540921039
13273.208325364936
13268.473751574173
13263.050391139815
13259.984646788274
13262.250340843259
13271.460529324264
13286.962291172473
13306.202494114157
13326.067984838563
13344.114375398494
13359.03074983645
13370.468478580466
13378.646689130619
13384.010882829312
13387.026237510256
13388.085792970041
13387.490540848648
13385.467412738175
13382.204491830418
13377.891820133784
13372.759466499667
13367.103355654179
13361.285232372204
13355.692120195232
13350.64818956993
13346.293912404059
13342.477970259035
13338.730192590574
13334.380135680278
13328.848707949295
13322.071757676806
13314.904703506561
13309.223354495773
13307.414329736494
13311.283430277159
13321.020513360347
13335.043823866397
13350.837217228902
13366.057214569313
13379.183736299568
13389.578089784376
13397.216873780237
13402.381226865049
13405.431615349053
13406.683793604596
13406.358435522932
13404.575686783775
13401.376860486562
13396.76684485739
13390.777667333943
13383.552165630595
13375.436073920646
13367.044559623428
13359.245236323983
13352.998931760201
13349.053456859101
13347.586824966564
13347.966624748951
13348.742070428487
13347.842064607175
13342.865478080392
13331.438048906826
13311.835621322089
13284.226769581335
13252.488557545257
13225.026805813568
13211.592372648129
13216.22512554141
13233.391770979202
13252.309422583372
13263.810955671872
13263.039940403678
13248.412850262943
13220.331285273603
13181.9867287499
13142.389765938839
13117.366546599129
13121.180472834629
13153.032430688023
13197.07294488901
13236.402056647334
13262.184625321142
13272.655383502497
13269.181736434011
13253.894904482722
13229.26427354776
13198.94431725405
13169.109745751692
13148.706328223423
13146.434178861877
13165.119822569668
13199.163061543326
13238.580872531951
13275.008699970138
13304.240872603405
13325.391036330737
13339.121592718688
13346.29462802945
13347.20305728936
13341.219973900164
13326.890907011164
13302.868934274313
13270.309789550593
13236.295597921886
13214.317599476393
13216.328717011142
13241.557378245898
13277.223948776498
13310.131278194047
13333.918854728478
13348.137494686614
13354.868419160364
13356.483933327734
13354.794587006361
13350.940048168575
13345.566553653382
13339.077283732273
13331.856924470083
13324.41181536478
13317.387247224307
13311.44791568344
13307.049035291773
13304.18095471806
13302.209798533875
13299.92535382884
13295.847353889754
13288.77920113493
13278.538985389996
13266.640478948264
13256.37410245605
13251.616777602649
13254.550381558607
13263.970635636126
13275.805967377211
13285.2436216038
13288.50267257341
13283.34908159542
13268.907578853325
13245.677180006856
13216.169397275178
13185.566773410808
13160.517044348771
13144.65376469175
13133.702523831602
13116.101090230004
13080.494045196725
13026.147095186752
12971.417508126271
12950.283908558607
12986.904113675531
13070.257162152187
13166.239752231006
13248.173882827772
13307.171497066081
13345.308553544339
13367.872784687495
13379.698624806815
13384.240810754818
13383.697859279
13379.37545590115
13372.032433100336
13362.171087702807
13350.29245902255
13337.127569543467
13323.811704048127
13311.912321941703
13303.205789008109
13299.195932658724
13300.570871080698
13306.927212167862
13316.953070606141
13328.93849642451
13341.293724981993
13352.848022542781
13362.907195001088
13371.169419422176
13377.603087582294
13382.345221318155
13385.636761802609
13387.78778226756
13389.157463456559
13390.131849487785
13391.08855342381
13392.347687276904
13394.120906727703
13396.477620157155
13399.34372352426
13402.53463010116
13405.80873989603
13408.920604531737
13411.65630302078
13413.841989627268
13415.324455929616
13415.92268473575
13415.343520347993
13413.037217925928
13407.940804324418
13398.01103687289
13379.396314969157
13345.147275400945
13284.035695017597
13182.952664009157
13042.631514870867
12908.99630652837
12859.752707624382
12907.192836018312
12994.947375618933
13081.768065756289
13152.687520455682
13203.416644755835
13235.60444565651
13253.87982975074
13262.696677467018
13264.702286485812
13260.619017450492
13249.94493884085
13232.108408570799
13208.163680106458
13182.908675263247
13165.704379537869
13166.77454002306
13189.604529321618
13227.565333404227
13269.38126330147
13306.41099171705
13334.995013137986
13354.966852357973
13367.622694880349
13374.510087239229
13376.967793254847
13376.055256424626
13372.622398473583
13367.39434848634
13361.009683447994
13353.977169903535
13346.533432530616
13338.407998607712
13328.533283524492
13314.780311242008
13293.899718719264
13262.117464243023
13217.321603148932
13163.679928959134
13116.096232676806
13095.145824191944
13109.392981381137
13147.015160918068
13190.168715597463
13229.312514265426
13263.146611982822
13292.933612998442
13319.279827104418
13341.908229493441
13360.420919313323
13374.785152664745
13385.36211424857
13392.724518239256
13397.47118206723
13400.112032190855
13401.019020442587
13400.417396492454
13398.396737253515
13394.931363920488
13389.909642510112
13383.178938230329
13374.618816820966
13364.255469639937
13352.418108852004
13339.9031444901
13328.053357754052
13318.61610498206
13313.301445453624
13313.167575134124
13318.179748043665
13327.247909531803
13338.70760350484
13350.907705463007
13362.592596285562
13372.999321945392
13381.76727148625
13388.786529866378
13394.061268204428
13397.61149786674
13399.409367878896
13399.339129494589
13397.173644310573
13392.567747791594
13385.078628701549
13374.234180175463
13359.677872712653
13341.412271366262
13320.119912383509
13297.444515323867
13275.997556262822
13258.853056987698
13248.564365802988
13246.184376532177
13250.922573535889
13260.634146042226
13272.726863620657
13284.904024567784
13295.447326201185
13303.072839785431
13306.522151507676
13304.032559616475
13292.839475501682
13269.112366638996
13229.461779821524
13176.030612527678
13124.701824148004
13104.418962211475
13132.828772721688
13194.933454038483
13261.366637577485
13314.565144486216
13351.44221506377
13375.297566004
13390.297422193016
13399.66136616861
13405.517340812547
13409.184504396631
13411.458925660096
13412.81520097607
13413.532971302053
13413.772272559181
13413.617433612988
13413.1019732675
13412.222472205154
13410.945938279365
13409.213752306705
13406.944582264643
13404.038261983125
13400.383363602103
13395.871792642725
13390.423715655099
13384.025908528503
13376.782673171941
13368.970452272766
13361.075261977632
13353.780121047943
13347.871983450323
13344.06583560027
13342.795977864876
13344.065975149513
13347.43607463463
13352.154913611574
13357.36619692276
13362.298226895908
13366.379645382644
13369.276895011091
13370.880381181481
13371.26985057553
13370.677212768707
13369.450779213454
13368.014942403688
13366.81822979054
13366.268921542936
13366.668205427799
13368.159446193611
13370.711741955673
13374.144140106226
13378.180750387284
13382.516056537315
13386.870335676189
13391.023322354082
13394.825096313394
13398.189998815247
13401.081375899998
13403.4939692356
13405.437746104739
13406.925374497772
13407.963381314388
13408.546745235186
13408.656399247748
13408.259399443948
13407.311524868099
13405.762602558181
13403.565049342293
13400.685264042706
13397.117083488709
13392.8943137519
13388.096001418875
13382.835179444231
13377.219690556165
13371.276675619856
13364.843055727653
13357.443553659257
13348.205687518097
13335.900662087963
13319.25218152556
13297.696076995955
13272.636646196639
13248.606478760656
13232.679854210242
13230.78983761595
13243.163200569128
13263.798934975628
13284.665636524292
13299.981191524232
13307.540213113805
13307.949906600541
13303.403189623747
13296.573452550061
13289.614272153689
13283.43708682511
13277.749935500058
13272.093872748459
13267.308495798918
13266.152420222337
13272.029685957295
13286.422340198746
13307.406642776215
13330.776771938494
13352.447978891008
13369.96495941584
13382.563217067762
13390.517438546172
13394.486897192002
13395.102927995556
13392.76346126867
13387.538057690152
13379.115217345012
13366.773215593192
13349.415533443254
13325.795794574597
13295.155191689944
13258.470987827704
13219.98237332706
13187.374418328205
13168.467656682946
13165.634343233129
13173.818368352173
13184.7991388342
13192.690118241131
13195.943816192645
13196.30088805632
13196.888670209284
13200.63730309322
13209.293621055545
13223.076483252096
13240.915511644473
13261.0464184513
13281.64001492425
13301.222847338362
13318.825250153273
13333.927131116152
13346.311148950212
13355.90709563347
13362.670802206165
13366.51288625065
13367.283378782711
13364.820974673126
13359.078461188508
13350.318593183883
13339.31211069412
13327.357645726786
13315.856030337396
13305.275602581341
13293.691596400979
13275.340791055565
13239.543421380118
13171.121283306016
13058.344716212536
12920.230099262379
12828.32636093988
12825.705602702157
12846.15772341713
12829.578756640882
12814.048211903038
12868.128057906375
12978.924549652065
13086.0001227041
13161.99152224322
13210.437395816189
13241.490464655668
13262.268484062239
13275.751596386355
13280.966117465523
13271.54002022855
13231.093460937518
13126.776523195105
12925.796383972856
12716.726562789796
12760.807507550786
13000.001598340039
13186.751389647616
13280.311408195723
13319.472733723645
13333.692447171932
13337.719183800822
13338.3364909463
13338.451293216154
13338.962630237542
13339.731416013292
13340.251997918635
13340.159181892412
13339.536176769052
13338.980746091112
13339.427571854903
13341.793475927725
13346.595511078367
13353.729018724574
13362.511736163258
13371.936603668093
13380.96567820629
13388.718871784464
13394.510906847578
13397.768820077628
13397.884353366035
13394.039771720994
13385.028160168275
13369.094168547832
13343.868564710368
13306.577576305648
13254.854581403284
13188.484576659532
13111.834396098784
13035.362194500058
12973.581938816254
12937.846717229584
12926.929277679388
12927.566821171748
12932.941326911052
12956.763340453124
13013.48484953949
13090.750691341811
13161.589842713745
13209.798010788852
13232.891139938263
13233.839098727405
13216.061544174461
13183.57355547187
13144.208277797989
13112.240695982275
13104.152557677102
13126.627746502012
13170.495617301305
13219.745938366817
13262.958746762382
13296.035650609605
13319.393457071554
13335.033299218425
13345.042198983905
13351.109036296706
13354.483706575606
13356.068841457287
13356.520490300554
13356.321546099347
13355.823305047144
13355.261869137688
13354.757236196916
13354.301722175296
13353.742184761632
13352.756712936998
13350.82378395438
13347.177816554382
13340.741359922484
13330.016831903995
13312.913165203847
13286.48993632874
13246.714227724538
13188.844692480345
13110.54116366568
13021.30714956997
12954.284305378804
12951.998031598167
13018.133802879824
13112.366908936427
13198.29859868171
13263.688130655339
13309.920989227077
13341.495841278811
13362.144939786127
13374.103209957357
13378.107572276733
13373.36182355336
13357.44521270798
13326.706435071605
13278.64849871999
13218.426585442412
13166.827567434197
13153.546113205468
13187.787196631865
13246.719544818365
13302.441057215925
13342.482852244775
13366.846496092037
13379.715135110946
13385.19148961058
13386.243690275453
13384.830279438811
13382.241367350229
13379.372633758887
13376.888183077597
13375.288702764226
13374.914029952573
13375.916379919667
13378.24206634605
13381.648636656406
13385.762564120037
13390.159989073893
13394.443954610055
13398.298228640246
13401.51194890971
13403.980182308902
13405.689887701456
13406.698868802758
13407.110841106763
13407.047063165839
13406.614072588585
13405.868673159626
13404.782136311765
13403.202497485167
13400.805237561519
13397.006264654228
13390.78320264741
13380.302290078163
13362.160105882733
13329.927208040823
13271.779776817264
13168.873337924848
13005.030975468731
12812.500899072624
12710.720724655956
12753.072422043719
12828.3596772717
12859.286416162313
12860.368673927489
12874.99437643449
12927.883239906096
13008.190152244055
13088.469232117668
13149.841894909627
13188.620311277657
13211.163897439446
13227.237264352882
13244.666546224864
13266.257326949848
13290.106732804124
13312.339301508222
13329.586024390708
13339.737306757357
13341.37927109421
13332.811392865146
13311.21757279682
13272.506782392738
13212.943403647896
13134.066824618729
13048.506620449638
12974.093075671231
12912.267826065345
12850.636066084891
12808.63873848519
12838.03850203464
12938.036840077206
13051.828264053105
13143.770562646532
13211.303290048178
13261.597356248296
13300.225397017059
13330.151634984437
13352.986850737952
13369.82344602768
13381.515336279606
13388.703091687968
13391.772776515376
13390.822511875962
13385.669392328227
13375.939875483595
13361.323364988933
13342.091307289498
13319.886885971613
13298.417418116145
13283.119669212263
13278.99561494778
13287.609926666808
13306.017096092914
13328.792844344234
13351.026436326798
13369.861688141427
13384.37016816321
13394.766208591269
13401.7170681377
13405.95203060048
13408.106112904243
13408.690570115376
13408.113985011198
13406.711367682628
13404.76120522763
13402.484898021848
13400.03360423882
13397.475362143985
13394.796183790626
13391.922364120726
13388.760748804882
13385.244815472013
13381.372205300202
13377.223057059698
13372.954779224541
13368.775151570475
13364.899651106783
13361.503010924875
13358.676864039846
13356.404356686038
13354.558461321825
13352.923487315373
13351.233072225892
13349.214655729336
13346.630271715017
13343.30369978949
13339.120414619472
13333.979753802741
13327.671692699727
13319.657342401164
13308.76728145129
13292.918548747333
13269.131005388355
13234.459876011935
13188.79249534524
13139.514577786274
13103.443295912166
13097.417022061165
13122.157012633666
13161.573584180323
13198.222973891789
13222.886183217037
13232.889772763248
13227.69274999277
13206.986238422187
13172.59491359861
13133.835399605661
13110.593725689467
13122.390595250774
13168.57320416842
13228.871029462176
13283.694251962317
13324.965942367553
13353.019171847403
13371.079369577219
13382.36963444375
13389.293586941265
13393.45474191014
13395.872348282266
13397.180626552414
13397.769863891368
13397.876802929546
13397.640243405982
13397.13444575648
13396.389185492466
13395.40210807336
13394.146483669301
13392.576832420687
13390.633771836869
13388.24944481591
13385.355188303198
13381.89313830078
13377.834631355312
13373.206978039672
13368.128452358747
13362.8453433842
13357.756203070665
13353.399937836279
13350.3854347949
13349.260813659375
13350.35743000785
13353.675264406407
13358.869460249667
13365.347910515005
13372.431003418418
13379.502420283021
13386.101953633208
13391.951310571429
13396.931845727508
13401.040902762847
13404.346539205688
13406.951069413211
13408.965968823
13410.496996217318
13411.636773503613
13412.462413589721
13413.036143298183
13413.407489387446
13413.616137438596
13413.694773845913
13413.671547227657
13413.571608686632
13413.417544163596
13413.228634144174
13413.018768918433
13412.79349975949
13412.54643386158
13412.255738847483
13411.880886075787
13411.359915526275
13410.606768897014
13409.508401030804
13407.920943333684
13405.664518294749
13402.517361568864
13398.210588879183
13392.427250222501
13384.811543527701
13374.997019595721
13362.665072078396
13347.643744065388
13330.046456015629
13310.424331306604
13289.861365156583
13269.90134048524
13252.21122456208
13238.017727207198
13227.574322460192
13220.047064942937
13214.041669929029
13208.549328271927
13203.680351269399
13200.57464833951
13200.483765911058
13203.783207651173
13209.731022952517
13217.014892949996
13224.559107517833
13232.18673319209
13240.875684284996
13252.284344554711
13267.578048679896
13286.355686794097
13306.588048585501
13325.52938871871
13340.727434268721
13350.462769262258
13353.624937994704
13349.375356016897
13336.902279427903
13315.434704474546
13284.592316507156
13245.085221688327
13199.713065033788
13154.516270705331
13119.352054389994
13105.599667908293
13119.256653511167
13154.910465741357
13199.154216113875
13239.934661736768
13271.625839852488
13294.052761070168
13309.568877574184
13320.787231890556
13329.257939424228
13334.623409270267
13333.596526624513
13317.59819997783
13266.80491669393
13138.568708424882
12866.448749677296
12470.122882464459
12254.221146093274
12380.839904947503
12689.040267232998
12985.421891915928
13170.984495926918
13268.670489089182
13320.092604301259
13349.789004806727
13368.936904735843
13382.259729970121
13391.827154797415
13398.679855734561
13403.43880451009
13406.512964075335
13408.16762699047
13408.552324562688
13407.722839043132
13405.670425946068
13402.365217303344
13397.81817255213
13392.158971739584
13385.712662374637
13379.03867367208
13372.884013016326
13368.025324333285
13365.038663557185
13364.10827528473
13364.991416541423
13367.164853145705
13370.060559428617
13373.25638748876
13376.543489877113
13379.878803965446
13383.28440337759
13386.757785998265
13390.228480527989
13393.563256472806
13396.600019107414
13399.18682427058
13401.208960980237
13402.599027888451
13403.332323148634
13403.413375994696
13402.858941642373
13401.68071619585
13399.869921691221
13397.384893873434
13394.14426357827
13390.028783273621
13384.897951363344
13378.628355496592
13371.180672884251
13362.694749797409
13353.595514610397
13344.663827396498
13337.000634718986
13331.823775156648
13330.117019103593
13332.274433986588
13337.93729824311
13346.11910006126
13355.52334497697
13364.854642435595
13372.973600831996
13378.863321835715
13381.450071654248
13379.337993347608
13370.534958034037
13352.36406013037
13322.095698862306
13279.337236481282
13230.739689171098
13193.201171213219
13185.781613425592
13211.651891713967
13254.443970731632
13294.945456484218
13323.437850724222
13338.742627494976
13343.255664410022
13339.886623382867
13331.077076934702
13318.778703083064
13304.680553919747
13290.382329747852
13277.392944481599
13266.918407310312
13259.490076383214
13254.58477379256
13250.447691108548
13244.312999007409
13233.200512063617
13215.513077424528
13193.437965778547
13174.783780730384
13170.733773959362
13188.02814185667
13222.741738728108
13263.740129520811
13300.963524930195
13329.40976195057
13348.119587644804
13357.88465954579
13359.725764152317
13354.286736558508
13341.77599873305
13322.188051055915
13295.680573139673
13263.020742213223
13225.967932012833
13187.412102710836
13151.101786002735
13120.83852609878
13099.172593107302
13086.223233820581
13079.722828550945
13076.413369426606
13073.415797254223
13068.623774213955
13060.95293512793
13051.67108553486
13046.092982433036
13052.462147202994
13076.301725798725
13115.255817458215
13160.900590406347
13204.889494852541
13242.54583055712
13272.602834736499
13295.644347754525
13312.939043471622
13325.87752836477
13335.745124464782
13343.624664496678
13350.349218557029
13356.489493912091
13362.375208674499
13368.144254351942
13373.805301725124
13379.297969473773
13384.539170256061
13389.452139463498
13393.980026541696
13398.088879603709
13401.764524476745
13405.007470763392
13407.827302524569
13410.237627037955
13412.251618489534
13413.877859459824
13415.115906606614
13415.951241320465
13416.349184459292
13416.247916438339
13415.550607812547
13414.117939795075
13411.763674310627
13408.258217822735
13403.34936080075
13396.81291622731
13388.547313518471
13378.71615478031
13367.910197987445
13357.242483849492
13348.241648427464
13342.452362190952
13340.848594391395
13343.392619165817
13349.054978362476
13356.279162741903
13363.558955128568
13369.803881245049
13374.402941920624
13377.081524583975
13377.67917846229
13375.922710186082
13371.213660361207
13362.434046772349
13347.821165435525
13325.11771821731
13292.513560178902
13251.140803972761
13208.873070240026
13181.2035980483
13182.488480055366
13212.598216026186
13257.049899732456
13300.419029574467
13334.952516703197
13359.602684839607
13376.23431017527
13387.15702573253
13394.194636182632
13398.520444646287
13400.733977080512
13400.958122024134
13398.887114340772
13393.773691967386
13384.367607062915
13368.844906318138
13344.821384092544
13309.633269652215
13261.148758245274
13199.284220350177
13127.94939162579
13056.582173299856
13000.294299590445
12976.890176238514
12998.09887618567
13059.264263410894
13140.505495457508
13220.155696342694
13285.447103213572
13333.200370442208
13365.583654253556
13386.365945429574
13399.051366857118
13406.314802936773
13410.013660478051
13411.36657025443
13411.133680306843
13409.753569788425
13407.43785271136
13404.238174966915
13400.100745069993
13394.919343866935
13388.593617531551
13381.094839898087
13372.535630714277
13363.229957321651
13353.716220167873
13344.708145267165
13336.953719529372
13331.029899942609
13327.162011537159
13325.17541932317
13324.626168189963
13325.050084168504
13326.198704492052
13328.141732041959
13331.19175215961
13335.697968561968
13341.820262655692
13349.399783584118
13357.980573769299
13366.947223406527
13375.691787769376
13383.733849962113
13390.766307002506
13396.64096705275
13401.323791067349
13404.844778275829
13407.256045439884
13408.60189815881
13408.899875510742
13408.129695110465
13406.227365837278
13403.082769313418
13398.540156957793
13392.402226465954
13384.440262724464
13374.415323273706
13362.11945224581
13347.45073732744
13330.53612721677
13311.899978817577
13292.626954356947
13274.388646890306
13259.162650950411
13248.604903391884
13243.359248441291
13242.80197615551
13245.464881246078
13249.83830611016
13255.016939578642
13260.888894962502
13267.918428465004
13276.730937719965
13287.704289516472
13300.714116147205
13315.108802907294
13329.889787779211
13343.982532913018
13356.464153205949
13366.67112248831
13374.18877304789
13378.769729426904
13380.233082767245
13378.381230398552
13372.95767357352
13363.665378561202
13350.26960308761
13332.809760285281
13311.919462250087
13289.1746529217
13267.260567399066
13249.667046460541
13239.778446023325
13239.669629385791
13249.294648530444
13266.582538016022
13288.329600162402
13311.30728202596
13333.042556419981
13352.08288251694
13367.870718738714
13380.454262056159
13390.204043373898
13397.607955336676
13403.150402543386
13407.254158969232
13410.260076663018
13412.425864044779
13413.93215905089
13414.888594875561
13415.336166025716
13415.243002673295
13414.490990523447
13412.850385385658
13409.939402684126
13405.167736598069
13397.671528277448
13386.271416096297
13369.542155464533
13346.181451409677
13315.9497452193
13281.235597791037
13248.264534030928
13225.484900286476
13217.924947768463
13222.161133345044
13228.352502069638
13227.686083224731
13218.5045169644
13207.842314395337
13207.331528287066
13224.338618445237
13255.856338607704
13292.057114923751
13324.159414835975
13348.105416041368
13363.62139723844
13372.13585389712
13375.407379267499
13374.956154653424
13371.91044927224
13366.955397612004
13360.191246093698
13350.731230894757
13335.764659899021
13308.589842165753
13255.243165890224
13152.887836090365
12990.183589812601
12843.975675541535
12873.657654712131
13048.147760290969
13207.754283108294
13303.402757182062
13353.281788052627
13378.52272493129
13391.25057813864
13397.394637989975
13399.743854985021
13399.594319507385
13397.514991743341
13393.69421103226
13388.108180691584
13380.62765600174
13371.122231352281
13359.593550772057
13346.33976669334
13332.108484247496
13318.136486539364
13305.9549619586
13296.9399266626
13291.80659193909
13290.387419811534
13291.863403591882
13295.241581308397
13299.685655824178
13304.493147197369
13308.840110929164
13311.57287409521
13311.238071531545
13306.357935938691
13295.850875705619
13279.493955931846
13258.317777916078
13234.772253790454
13212.523259821868
13195.9195833413
13189.186238877453
13195.056128505963
13212.85349421874
13237.406453802514
13260.025657828615
13270.31513711454
13256.885200091474
13208.601083060623
13124.473211114499
13038.872954960487
13022.422811337197
13097.687449758096
13203.842463904975
13286.68087273019
13335.51016528524
13358.535094302459
13364.813013223697
13360.160088530794
13347.944532239511
13330.614699950398
13310.936228360322
13292.520081410912
13279.21117979856
13273.454963939406
13274.885937471063
13280.573036391828
13286.81097140409
13290.968666651117
13292.303744218594
13291.739778082901
13291.049866048972
13291.829043177966
13294.601081636132
13298.396337071432
13300.920684648625
13299.106307778758
13289.759229883133
13270.2945644913
13239.851866459763
13200.874326365089
13160.107812554996
13126.881457766569
13108.565295252834
13107.473015753229
13121.55465459294
13144.935481117187
13167.119629587021
13175.0952817919
13159.775736026286
13125.467711222043
13097.290076908273
13108.193315502935
13163.872617664472
13237.179229049927
13301.110567471496
13346.291103422887
13374.810959888448
13391.705697302214
13401.29406874166
13406.509601141837
13409.172998752863
13410.374471024814
13410.760028769664
13410.713323055577
13410.463186276951
13410.144184991797
13409.828409690557
13409.539140479612
13409.25193806907
13408.886128385739
13408.287197030997
13407.199563957678
13405.22950031834
13401.799073258351
13396.096924530664
13387.043686889232
13373.315154543607
13353.518986641895
13326.7068720855
13293.464660868682
13257.570999035912
13227.120619484878
13212.508194362097
13220.199353546515
13247.458170653741
13284.500032765887
13321.37816895764
13352.281798655347
13375.511353566704
13391.7152024988
13402.381910448166
13409.031691255883
13412.90648382882
13414.91123882119
13415.653706975669
13415.509202231024
13414.680438025282
13413.243224968792
13411.177527755899
13408.386536145375
13404.707439166124
13399.917932249384
13393.743110006764
13385.86901647428
13375.971174968483
13363.76929682362
13349.119158000096
13332.147794670089
13313.418249257402
13294.072117577809
13275.849431653716
13260.86577871883
13251.100530360147
13247.738312076886
13250.687831041845
13258.5697607016
13269.180649667576
13280.152484673705
13289.496596285462
13295.910135063621
13298.909643718931
13298.889536359242
13297.087469814735
13295.287926831437
13295.096538231866
13296.905928855946
13299.056414447963
13297.715632161446
13287.672718094918
13264.319043644753
13227.71662339463
13188.30784011383
13166.849338945192
13178.740452354732
13217.05557354
13260.838531840682
13294.774874063987
13314.913288001373
13323.884474187491
13326.171307135328
13325.987536433058
13326.566066381023
13329.851988551953
13336.392237354677
13345.538808925274
13355.952863563902
13366.176575278065
13375.024856846192
13381.71576529971
13385.80975036061
13387.070103157666
13385.321374431613
13380.335070239724
13371.739382559665
13358.933082584808
13340.974181327852
13316.405039573305
13282.976754663785
13237.311372277352
13174.944895985258
13092.530923535647
12996.127648931679
12915.076453841397
12895.861320651791
12952.488909957303
13045.80029832416
13132.694794716908
13196.60401905532
13238.151670601796
13262.29186071984
13273.28866097758
13273.96531544471
13266.05430357834
13250.46274693089
13227.24937144618
13195.885011167798
13157.295316881677
13118.756954381286
13097.352356309248
13110.95159147097
13159.46738192221
13223.376806680504
13282.430429092077
13327.237444202896
13356.96124411238
13373.733372900751
13379.303120730348
13373.698567936672
13354.820995443048
13318.915690114078
13263.474325188268
13195.12548475576
13138.974365619566
13128.740861811137
13170.914884106383
13236.38388365134
13295.075394865713
13335.800865084731
13360.009015408068
13372.545098656543
13377.639416522472
13378.153125783125
13375.847082058268
13371.775970876879
13366.590123830636
13360.73841275474
13354.603766635075
13348.59351294793
13343.188107698681
13338.937793773133
13336.39739335668
13336.009601257172
13337.979272482553
13342.19928977919
13348.269518868658
13355.601190229647
13363.555826418575
13371.561010378047
13379.171446708428
13386.075343794844
13392.063906117186
13396.98180321263
13400.667860122609
13402.884027500453
13403.221943370363
13400.970390096927
13394.928567006498
13383.178528776221
13362.94381814284
13330.978822003503
13285.525550758512
13230.978642587083
13182.960726284371
13163.561294737403
13181.794586603422
13223.228392123085
13265.9012129028
13297.426896863315
13316.240186145198
13325.958575367136
13331.173986641581
13335.583084549518
13341.360024702795
13349.15824405916
13358.523716976662
13368.493924964057
13378.115157276827
13386.723169490924
13393.997993234614
13399.891628934092
13404.521354181805
13408.079530494437
13410.773797980766
13412.794213047562
13414.297760797395
13415.402032732574
13416.181749836654
13416.663496342138
13416.814582852787
13416.521038989433
13415.54798204601
13413.47218055415
13409.57376677691
13402.674207698781
13390.925578844222
13371.626826434343
13341.340664841322
13296.991134622955
13238.998141548691
13176.36299515996
13128.580519366842
13115.512049015482
13140.446904350301
13188.36296182746
13240.400592805307
13284.51356278875
13316.242476356638
13335.65876753169
13344.67950140719
13345.603971361785
13340.562585173726
13331.437919867956
13319.93100196667
13307.579302975657
13295.65757970939
13285.016845254553
13275.997805613404
13268.522905501299
13262.33546588496
13257.240798372928
13253.220841169301
13250.396155979088
13248.858392170627
13248.351184094989
13247.743639333348
13244.317056592035
13233.00228762187
13205.85096593256
13152.783045433818
13067.031336676479
12959.516968333764
12867.820700580643
12817.174033962958
12776.099099379127
12726.5279618648
12742.879374838401
12873.085561831129
13036.67222429952
13160.52668255941
13236.070697733985
13277.833270736388
13299.230324349528
13308.95516907165
13312.409785966052
13313.04559581409
13313.00577924463
13313.374358552315
13314.368732789806
13315.64534922297
13316.688489233116
13317.138570293122
13316.936063656396
13316.258048312506
13315.32511079349
13314.214056169476
13312.801947512973
13310.888917181244
13308.440684365403
13305.816770915833
13303.843036502209
13303.646964390337
13306.285785735006
13312.3247024305
13321.585649954965
13333.204981207366
13345.950508507573
13358.606675509507
13370.247275868664
13380.330756513531
13388.65814075206
13395.268589522213
13400.33175700126
13404.06546665862
13406.683823048497
13408.37071983981
13409.270734542893
13409.490836825473
13409.108845169048
13408.185671606125
13406.780112520712
13404.963671424066
13402.832919635697
13400.515070634954
13398.161786742055
13395.927676958076
13393.93331969602
13392.217476570813
13390.687103920283
13389.072724815913
13386.890238051941
13383.40159996145
13377.561203413461
13367.941703867446
13352.661373786888
13329.402165415466
13295.733809087731
13250.126866257879
13194.035316295798
13134.63933611561
13085.714504486821
13062.66397009742
13072.504124273613
13108.403279121643
13155.49771683818
13200.94511484002
13238.687967147534
13268.289719568118
13291.865937127472
13311.745180722193
13329.41474469113
13345.419344723823
13359.713052536848
13372.065910151452
13382.32361034725
13390.49458693888
13396.726217933283
13401.23912758914
13404.26216199309
13405.983680067957
13406.518842656562
13405.887755136977
13403.99865067004
13400.633480363507
13395.440032569586
13387.94383928023
13377.611478827861
13364.017931445922
13347.181337193348
13328.071852803938
13309.098439769414
13294.053545022067
13286.94795522565
13289.996668284177
13302.258522257813
13320.236562904756
13339.841711982746
13358.029061171996
13373.277852550382
13385.254987409417
13394.275296744341
13400.888548847575
13405.650469923363
13409.025473715697
13411.359356942265
13412.88005710033
13413.70220261142
13413.820782650442
13413.080259348346
13411.098455426245
13407.106874404819
13399.638968390074
13385.960669491054
13361.167344432786
13317.310656211035
13244.863672846106
13143.441660786015
13046.242134525906
13019.15946244873
13081.630214107296
13176.014909676554
13251.22832148977
13297.242612201697
13322.40131630512
13336.100736604858
13344.437178561016
13350.552208342051
13355.699051433621
13360.094717104475
13363.478578672926
13365.443881088631
13365.618994132206
13363.768795259948
13359.871359717985
13354.197328239214
13347.380045948554
13340.420912658747
13334.5518197243
13330.91829504173
13330.166608644891
13332.135022063247
13335.830208945128
13339.688318051885
13341.941649472756
13340.901525365955
13335.102403863524
13323.402069245576
13305.210423009577
13281.001851616853
13253.081810227466
13226.1176726008
13206.410945371455
13199.271452608536
13205.873571883247
13222.448115642572
13242.606980274819
13260.459861397907
13272.291969501435
13276.706179766396
13274.165651363905
13266.568512525397
13256.910629376063
13248.771716623065
13245.407899348565
13248.645700697365
13258.211830342967
13272.008815595562
13287.129485638765
13300.883470001312
13311.288977178276
13316.959098207955
13316.549367196249
13307.87838272867
13286.769337188052
13246.099425675746
13177.625612720769
13083.585365132645
13000.323278789096
12991.174148345997
13066.900267324043
13166.995052167696
13241.833391481974
13280.475589181073
13288.776108796492
13275.109052025364
13249.105623970123
13223.970236509096
13214.362919951709
13227.715976272759
13258.522771944994
13294.173868504202
13324.528972977589
13345.327393519245
13356.409000541675
13359.25654210168
13355.691279125804
13347.56630524086
13336.89844491761
13325.973476219624
13317.094400226237
13311.88670592463
13310.474346357692
13311.0931208837
13310.460378913034
13304.733716573002
13290.828349908665
13268.250355688855
13241.443542866602
13220.742102161717
13218.017880677498
13237.62592082279
13272.478263173682
13310.519527323744
13342.77335393236
13365.32698006576
13377.007292140896
13376.384674430235
13359.216397873157
13316.368093970075
13234.865125085604
13113.428731838365
13002.811417371904
12999.11975152872
13106.739016812455
13230.897462284043
13317.25541333926
13366.025384399167
13391.15194776037
13403.464727979552
13409.18438425607
13411.560033185058
13412.240356183238
13412.060025048559
13411.446021138407
13410.62109227173
13409.70498825218
13408.765178333719
13407.842322532191
13406.96298379858
13406.146154109832
13405.40630928187
13404.754720562107
13404.20011469995
13403.748613713622
13403.403534898953
13403.165036110935
13403.029697894799
13402.990012786855
13403.033920874866
13403.144293765276
13403.298351515832
13403.467204354552
13403.615457888762
13403.701042688568
13403.675341984797
13403.484234244355
13403.070168938468
13402.375834242224
13401.350077056326
13399.956129115697
13398.18210513236
13396.052126827803
13393.635384940739
13391.048684389136
13388.447682086651
13386.004169294816
13383.873218965931
13382.161617084479
13380.915490651283
13380.140885162516
13379.853224449376
13380.126237842818
13381.095935482792
13382.894028246104
13385.536226739343
13388.837593486936
13392.419573399733
13395.80994838428
13398.573819350153
13400.406719525552
13401.161583251702
13400.825593746147
13399.480333246673
13397.270619453911
13394.39160157705
13391.089507759028
13387.66475719857
13384.463519453055
13381.847684360897
13380.142258968834
13379.57117171523
13380.202684796357
13381.925323116162
13384.463905126811
13387.426732040372
13390.362762262948
13392.806721656916
13394.299434970224
13394.383733215145
13392.58800113994
13388.419406906174
13381.400590685185
13371.195582228715
13357.870700065185
13342.283402023137
13326.433574674535
13313.379808435893
13306.30079499473
13306.865645318365
13313.96084209398
13323.757734795709
13330.782790729703
13328.746434839713
13310.61264847331
13269.310761345658
13203.081902580856
13128.975774774557
13089.641012507336
13117.2015778872
13189.863071209526
13262.858565496508
13313.47916704227
13340.606781698953
13349.754158427322
13345.423511535733
13329.565222247731
13302.65609013704
13266.538375940432
13228.582128137436
13203.370840379068
13205.192039878124
13234.93525672935
13278.967597084875
13321.871581202351
13355.574343864424
13378.852470653223
13393.585231293288
13402.198605190693
13406.683748564647
13408.43278287452
13408.347805306903
13406.990634173588
13404.703861016822
13401.692484804551
13398.072092609262
13393.890147086235
13389.122838805
13383.644077730902
13377.15516522175
13369.05386405968
13358.203516622105
13342.529990298843
13318.325280223526
13279.151642699318
13214.80297643036
13113.625086958491
12978.602751968903
12861.511445547812
12846.651041213914
12933.556454437092
13040.603518794349
13119.782466443043
13168.196236875181
13195.111813282567
13208.287422653631
13213.049443473965
13213.451692676677
13212.334660982171
13210.278254953275
13204.362145965533
13187.764919350346
13151.417143255328
13090.382698448624
13017.487703192852
12970.782016650523
12981.257027040549
13031.143972928607
13081.530203476777
13117.103341986154
13145.182328983656
13176.025046920598
13212.00602335745
13248.941359053879
13281.823154679862
13308.036035095687
13327.344514207105
13340.768236921087
13349.675944837389
13355.323960639533
13358.683716629517
13360.40792622633
13360.858135453964
13360.162104662326
13358.286202522224
13355.110756829554
13350.4946832981
13344.313338324739
13336.453412721612
13326.759174876486
13314.958080841116
13300.66132343549
13283.613666669855
13264.357023284148
13245.183747049045
13230.574133806002
13225.842900576075
13233.951026438477
13253.120915446947
13277.929570891178
13302.692909967242
13323.889861143683
13340.440521159979
13352.802819358889
13361.989579974477
13368.93993850215
13374.247276221437
13378.126364402275
13380.507162170392
13381.169783953419
13379.864876507698
13376.394394052284
13370.654523832583
13362.659100942683
13352.5661668307
13340.72513783991
13327.74834634549
13314.588339443128
13302.567481521943
13293.276426238263
13288.27385184127
13288.628884741409
13294.50870177356
13305.068993951765
13318.736725983541
13333.71013337021
13348.393993490901
13361.597639081898
13372.491098816152
13380.393326613068
13384.444302497066
13383.14510041093
13373.700156016896
13351.18342768519
13308.187026108533
13237.777353484482
13145.891377419426
13070.603237679426
13065.767001895467
13131.835626336717
13214.29246336807
13272.777537169748
13298.988919484531
13297.72880120385
13275.079304135847
13237.675369424413
13196.68811483245
13169.456569267159
13171.360628923852
13202.779999975828
13249.29001295433
13295.20562782206
13332.414573365266
13359.557312974905
13378.28622365369
13390.80616457874
13398.938190372413
13403.948558149
13406.628284852577
13407.409998529616
13406.460893390384
13403.746007033056
13399.074274232282
13392.146322469645
13382.630352788003
13370.298439489154
13355.251595312895
13338.221445015748
13320.834571849196
13305.585948848187
13295.256409473415
13291.84526985469
13295.642471610448
13305.161469713914
13317.958016497267
13331.638467576326
13344.418442478935
13355.136536816792
13362.972891858297
13367.110645767858
13366.440964271193
13359.336647837148
13343.568969759692
13316.631116984501
13276.980356682478
13226.466696121084
13172.16221769348
13122.617318884922
13078.02087658017
13030.004035048469
12985.274426275111
12982.68901484193
13048.711315260292
13150.681505810564
13240.971734290808
13301.365865959628
13335.153760440766
13350.50248761229
13353.87900344853
13349.359232010764
13339.527175290805
13326.47940733152
13312.545981060155
13300.472066297201
13292.815823207158
13290.689404258548
13292.579372340122
13294.0316710717
13288.20855880159
13266.957141544532
13223.459000259623
13159.953739382603
13100.089499763128
13083.921257691145
13125.163919264876
13190.084718981612
13237.062198368149
13244.6024917513
13206.493024157917
13130.446411693929
13053.692094360522
13037.279952684668
13098.330039322182
13187.085689664302
13257.3820882573
13298.183289061666
13315.968813930405
13319.44094304479
13315.077252958952
13306.998887193822
13297.572648685082
13287.904725547223
13278.252354911609
13268.463354479736
13258.43826868327
13248.51721846007
13239.667037120806
13233.360553038132
13231.110349172413
13233.775718106674
13240.941195710155
13250.682272868262
13259.800025242519
13264.323725613887
13260.075248966945
13243.488329508948
13213.463435897711
13174.917016791702
13141.786403567465
13132.249782661009
13154.201019983435
13197.787567661993
13246.206476700738
13288.438631927094
13321.27373367978
13345.647938691794
13363.558634513794
13376.777944470772
13386.588579577743
13393.861211337047
13399.180873538482
13402.9424490186
13405.41043022692
13406.753905332187
13407.067148275184
13406.383359898777
13404.685674538503
13401.919757285508
13398.011717364438
13392.895537760358
13386.553632428086
13379.070904765675
13370.69526584832
13361.88488507114
13353.309911475899
13345.775454323211
13340.05845808131
13336.703925153834
13335.871850532345
13337.318477911702
13340.522791592564
13344.886248481034
13349.905741119836
13355.255835761818
13360.775476266146
13366.395092316397
13372.052674809092
13377.637482350257
13382.977899101015
13387.866401595418
13392.099361844661
13395.508062790279
13397.967265920108
13399.37913463121
13399.637131174713
13398.574171488559
13395.894606061112
13391.081482345195
13383.263636157462
13371.02294277868
13352.13219712326
13323.278900560852
13280.061586645086
13218.185298640581
13137.900223727642
13053.122631849437
12996.905868416312
13001.361738947793
13062.45409982396
13145.756259779155
13222.196433062447
13281.078509615822
13322.85311374315
13351.397012347983
13370.595889368115
13383.436717098624
13392.000079393536
13397.671012968369
13401.350779166438
13403.619086444827
13404.846939902667
13405.272079729024
13405.04901803798
13404.282552594554
13403.051062723744
13401.423244258182
13399.470721089201
13397.277018604962
13394.942776554788
13392.586409428808
13390.3392636533
13388.33466302563
13386.691490131398
13385.494476632975
13384.774415622926
13384.492330451842
13384.530568063308
13384.692708365792
13384.712815823694
13384.274342529689
13383.039890923736
13380.694193222535
13377.001481580879
13371.87134570844
13365.412846089572
13357.94009794912
13349.891317697191
13341.660493581385
13333.419034253056
13325.072614006007
13316.472201876159
13307.84418100699
13300.19072204995
13295.287299024292
13295.049981252989
13300.521391195958
13311.18526311358
13325.15978150147
13340.07217899862
13353.928994795222
13365.52069825739
13374.379057448263
13380.531394269221
13384.250362078094
13385.878915706518
13385.732984701726
13384.057954146843
13381.015908198482
13376.69018322686
13371.102416670474
13364.245762967454
13356.142788770176
13346.936594815159
13337.011500147784
13327.108500360517
13318.354787078657
13312.102718351489
13309.535002308807
13311.162601363048
13316.493838258793
13324.092878497095
13331.973680286388
13338.055966452534
13340.443673617225
13337.482868334846
13327.723560410948
13309.98025950163
13283.691537885092
13249.714015946276
13211.420443092768
13175.375583969057
13150.285926981212
13143.57457997245
13157.410885647796
13187.62521253698
13226.47124745045
13266.491158254952
13302.681888698793
13332.644925728682
13355.800786830983
13372.534173404254
13383.55763023213
13389.478618081897
13390.477587085461
13386.004151646599
13374.42686938934
13352.691896233679
13316.459924724755
13262.214917475338
13193.855788589906
13132.079023155307
13109.450865519924
13138.386500517157
13195.083310723763
13248.545143348278
13284.55470464713
13302.626253489494
13306.714528266451
13300.672834311756
13287.504544020521
13270.054476130523
13251.8287209482
13237.10553685858
13229.84582107224
13231.912776971103
13242.165981445316
13257.418080905796
13274.363309456403
13290.891226461568
13306.2298767781
13320.404104385581
13333.645037157521
13346.060699344069
13357.575577078695
13368.016111471492
13377.219937456981
13385.103801918996
13391.68054768673
13397.041773699118
13401.327989227453
13404.700025885148
13407.318182107272
13409.329526567575
13410.861887801486
13412.022331280084
13412.898172915902
13413.559256416207
13414.060657601476
13414.445188878244
13414.74564292525
13414.986320118214
13415.184046673357
13415.348174368632
13415.479425189435
13415.56695558234
13415.582669068455
13415.471249430486
13415.13343361747
13414.398961944335
13412.984742018565
13410.434012081192
13406.038580302311
13398.765560740912
13387.262244571666
13370.11463504767
13346.657098244657
13318.53499518591
13291.345898341946
13273.991789712927
13273.67766986633
13290.023711469856
13315.360348644108
13340.815815881266
13361.025281584296
13374.510629211438
13381.995025378155
13384.90381079876
13384.620655985422
13382.266932153605
13378.70736315069
13374.609394781919
13370.484395851403
13366.693142117985
13363.422737337212
13360.649020162815
13358.089932468241
13355.13221077094
13350.677285272708
13342.805703246051
13328.115803472932
13300.65938322223
13251.080442833601
13169.399204564172
13060.596212548044
12972.72380827157
12975.301265263202
13060.641932329954
13153.820342789963
13208.43003923944
13216.931720674993
13184.903399728868
13126.399608337104
13074.083942334915
13069.587505451645
13120.28244580209
13191.39747279681
13250.098165337125
13286.30648200905
13303.024735543066
13306.047595200554
13300.521296541256
13290.75970950976
13280.410314249151
13272.025500881044
13266.431302085586
13262.848563988886
13260.132496172364
13258.317267548235
13259.138198110562
13264.858037333652
13276.129345981775
13290.635596976917
13303.556394807869
13309.206616602047
13302.866340751665
13283.107342722527
13255.268287834684
13233.28535952108
13232.749464057324
13256.825703451083
13293.181603791232
13326.579907576426
13348.955283941677
13359.22150674554
13359.423853042985
13352.254858908667
13340.364462577829
13326.495844154015
13313.602186404953
13304.452962772873
13300.754532284052
13302.41491623989
13307.677753234271
13314.145236712757
13319.973902147589
13324.54980798016
13328.453435363612
13332.898510527844
13338.968806968915
13347.021168540943
13356.531246665318
13366.384694246704
13375.350770213257
13382.44930606815
13387.096564027775
13389.086833554995
13388.519577328727
13385.747015927553
13381.357211128148
13376.15918085355
13371.112405123182
13367.159290676562
13364.98174342101
13364.781606967135
13366.209626818882
13368.49471676628
13370.708696919974
13372.04074648907
13371.988899916389
13370.446181415718
13367.701795614003
13364.376647070327
13361.293949086463
13359.2854582175
13358.965828966686
13360.548135554664
13363.77885315368
13368.016541467554
13372.402817809847
13376.035935498507
13378.078812990643
13377.785628027836
13374.473699227257
13367.486691633107
13356.19987522513
13340.121616865255
13319.144483436054
13293.96871701897
13266.61003805227
13240.681483748494
13220.93294007296
13211.73789951303
13215.10903272497
13229.67349905695
13251.505205122088
13276.08666951713
13299.925880912504
13321.103962194686
13339.003237940427
13353.760922554495
13365.803590736608
13375.569992106251
13383.393799745809
13389.478740694629
13393.907697157516
13396.648922992617
13397.542629715568
13396.265028686614
13392.278193341475
13384.791686028853
13372.798854389426
13355.318838794212
13332.045564747563
13304.522605381313
13277.378703839002
13258.030143833885
13253.21923663494
13264.14666789144
13285.326810531053
13308.569530421171
13327.487708986253
13338.99293109098
13342.530191649172
13338.979774772837
13330.08717376757
13318.313712342375
13306.6185542994
13297.741890216086
13293.059787883323
13291.743503451196
13291.006574244062
13287.436336108825
13278.727213911267
13265.183193796458
13250.444603185
13240.505120990883
13240.474080332933
13250.980720355405
13267.694477988047
13284.367018173494
13296.103636524536
13300.518393026487
13297.213061743918
13286.80651509015
13270.045717770467
13246.90283876912
13215.509975000847
13171.323040572646
13108.301901395249
13026.51376108637
12949.354693905638
12928.237551257927
12991.343507928448
13100.581874508727
13203.400207274037
13278.831911584091
13328.642993274514
13360.340856252185
13380.359463260176
13393.006589640194
13400.944182318755
13405.769579161188
13408.421063226395
13409.423240016295
13409.026787044557
13407.2845796124
13404.09077061276
13399.199951590794
13392.23702762912
13382.704299238481
13369.985649037475
13353.339686387291
13331.885728594507
13304.681367716048
13271.264443575468
13233.350719374894
13197.693431448295
13176.812900895726
13181.865509059411
13211.147980103977
13249.27869044071
13278.040854712914
13283.61225595112
13255.90159963859
13189.704551978686
13099.59868077392
13039.58858340719
13065.79030231388
13157.470814714265
13250.843647182473
13313.89532284145
13345.95237590362
13353.95591960746
13341.46438197915
13306.22526583969
13241.409471564975
13144.173534327218
13039.201066480415
12992.510389351695
13044.968425398925
13148.682700492785
13240.644854972245
13300.746487595954
13334.16022205259
13349.799437715476
13353.80352641421
13349.515114796675
13338.68768022397
13322.623413259214
13303.131044095619
13283.199471528507
13266.964107014619
13258.52968671711
13260.054008681787
13270.591507508969
13286.812017304783
13304.886208171087
13321.964311552672
13336.566881245957
13348.247241419003
13357.081809710035
13363.26925309844
13366.873531508936
13367.65450503734
13364.934169077798
13357.498690246162
13343.641823487962
13321.648742634774
13291.239623383806
13256.2188875514
13226.627703935827
13215.709117499238
13230.138024359478
13263.6232461117
13302.910676935233
13337.69139725362
13363.937991695244
13381.86278313332
13393.245678712305
13399.950766910393
13403.420372696375
13404.61931770494
13404.113788361634
13402.155174570944
13398.729001789467
13393.562886263477
13386.100733077934
13375.465923621892
13360.473021383177
13339.827014304272
13312.76413438602
13280.395713094676
13247.462851205462
13222.69563066392
13215.127391675476
13227.544494050999
13254.026460881349
13284.780913522925
13312.265748095966
13333.22442236609
13347.518718666617
13356.429735594424
13361.587741297668
13364.506739944683
13366.428722917351
13368.27610679291
13370.634471827801
13373.758911505243
13377.616620017507
13381.966816652492
13386.45898172511
13390.722632252811
13394.428760599325
13397.318101083925
13399.203053425534
13399.955840430353
13399.491976676314
13397.753116891696
13394.68510818215
13390.199840663508
13384.105199909618
13375.992602511538
13365.094570029329
13350.177420836053
13329.630533925778
13302.050459264865
13267.66921444036
13230.469639605008
13199.158314112496
13183.751713856847
13188.267120938397
13207.28672901383
13230.9811952037
13251.952091333796
13267.27952766386
13276.8131639291
13281.123954453753
13280.64197036908
13275.853078177917
13267.875644512558
13258.742489156484
13250.988607069203
13246.706133475098
13246.814126542333
13251.1880234646
13259.388621043721
13271.123951678843
13286.048848960969
13303.338314512359
13321.625471000776
13339.38066295705
13355.375915098384
13368.92389265901
13379.853647706204
13388.348651852935
13394.77184638492
13399.53681323865
13403.033350990283
13405.593755431331
13407.483577730116
13408.904513203956
13410.002384995974
13410.876010924118
13411.584979449439
13412.15521203318
13412.581362848781
13412.825364572562
13412.80897254359
13412.398157730477
13411.375117755866
13409.39166874178
13405.895770029034
13400.023044591399
13390.453567473845
13375.271020705168
13351.961417530172
13317.896652281224
13271.86470763133
13216.764260601905
13161.209488089318
13115.16176296261
13080.807826075838
13052.987109956071
13034.232747465998
13040.531200529409
13080.380017919406
13138.62932467902
13192.706751857806
13231.31508588303
13254.558497088363
13267.051373199023
13273.607614433124
13277.882805907348
13282.209387111747
13287.691335943216
13294.405684910163
13301.77706811728
13309.066146883652
13315.78362444861
13321.87767176065
13327.675727357337
13333.669323151256
13340.268359820899
13347.632191395445
13355.62955395578
13363.912327779266
13372.042009945746
13379.604466755027
13386.275567724717
13391.834266889442
13396.13860693739
13399.083680332904
13400.554605860403
13400.380413619774
13398.29043922002
13393.87453877881
13386.554308617653
13375.58818073407
13360.162543871704
13339.664202639771
13314.250588437857
13285.719970906142
13258.25395798042
13237.975775253359
13230.47009426632
13237.493622382595
13255.956004356316
13280.215648826974
13305.183267961986
13327.793207110695
13346.82317708339
13362.146261022262
13374.111422453967
13383.195359873776
13389.843727430325
13394.404779376178
13397.095015741625
13397.963491564677
13396.830408073458
13393.172420540079
13385.915706947664
13373.092961011525
13351.378140338795
13315.816847610771
13261.053966973472
13187.12507176785
13111.279000108523
13070.839879736595
13090.569963773645
13150.292729661121
13212.176789926189
13256.5576682423
13281.859858860187
13292.688344615954
13293.587422077835
13287.77948258233
13277.59849975197
13265.06363355285
13252.120468469695
13240.501810622
13231.398872711194
13225.270248047309
13222.01221150696
13221.386375619608
13223.338922738516
13227.899669082477
13234.653898368531
13242.040418039973
13246.69519710461
13242.794750499452
13221.425202222004
13171.640366501564
13089.569043660948
13002.654519348032
12977.782832366007
13046.746074644987
13155.196546271345
13244.035398172395
13297.64347522959
13323.022011235993
13330.098790932181
13326.565220163038
13318.283490197913
13310.191647004474
13306.292197184852
13308.871242514075
13317.888905757309
13331.360613923433
13346.561034145345
13361.180110581756
13373.843617101871
13384.051233978123
13391.868719729162
13397.628994843817
13401.734336758236
13404.555455572594
13406.39403869336
13407.47898452517
13407.976855576087
13408.006149606037
13407.650613171467
13406.969843314426
13406.00657647571
13404.790978891422
13403.341944547057
13401.665601992632
13399.75048365705
13397.558775434762
13395.012294377579
13391.971329710075
13388.204432932484
13383.347529998795
13376.854376826153
13367.9507278408
13355.630224837414
13338.781361364581
13316.609355973056
13289.535692233825
13260.474552628386
13235.50477165378
13222.10399300219
13224.6378330392
13240.902891490825
13263.751399429331
13285.842285749211
13302.737172599462
13313.067733129736
13317.423513467396
13317.374244949291
13314.950195410567
13312.355892466228
13311.64709461296
13314.295183679262
13320.80817829483
13330.663867094996
13342.631322589863
13355.285808550192
13367.435751318704
13378.315704626533
13387.573963869847
13395.158770708113
13401.19136463288
13405.867635244895
13409.396770905201
13411.969732092057
13413.74710379211
13414.858020675214
13415.404199393643
13415.465937339757
13415.107959891975
13414.384607441492
13413.343778664404
13412.030033211513
13410.48752758061
13408.763457721212
13406.912632161853
13405.003120557649
13403.121694679965
13401.376846501082
13399.89589127734
13398.813776039065
13398.253002000349
13398.297936035071
13398.97014901764
13400.21287399826
13401.89060540217
13403.804276073299
13405.716892398532
13407.381863725257
13408.567721004569
13409.078031259132
13408.770382829063
13407.58030556388
13405.552181304578
13402.868024644604
13399.852029758056
13396.924396403148
13394.494484154206
13392.823392828957
13391.919138200163
13391.519626204956
13391.164547356271
13390.301600065102
13388.360146129104
13384.757271904044
13378.840055111414
13369.788922372718
13356.512705300403
13337.585832361747
13311.355939308434
13276.525099550967
13233.693779689202
13187.968459514323
13150.61987448693
13135.086211466456
13146.856282857914
13178.189070189306
13215.192592259904
13247.542392738482
13271.297095444233
13286.71525383362
13295.632017607044
13300.003747176497
13301.405730655482
13301.007586194068
13299.721855209198
13298.359486787544
13297.694759313228
13298.396102705061
13300.843944878128
13304.917329505084
13309.85112100151
13314.225182077002
13316.083125538597
13313.171421769284
13303.393072568546
13285.735699457173
13261.88140930039
13237.82846858786
13223.093188195231
13225.321108775925
13243.915221388203
13270.211653041153
13293.949502958601
13308.516996590231
13311.86426995389
13305.483464329292
13293.623381084812
13282.58691696994
13278.869205724712
13286.111399153657
13303.193831221144
13325.499196830731
13348.01204945033
13367.458757934877
13382.58941982355
13393.466564845023
13400.686065111622
13404.871451522218
13406.413902247856
13405.339413929145
13401.211769813348
13393.035542751197
13379.205880899943
13357.708950793758
13327.046611957205
13288.509493518362
13249.413517199106
13223.535105348652
13223.366059843367
13248.848098961469
13287.44603539144
13325.45338402479
13355.663738637051
13376.888570266989
13390.729012720562
13399.330441974505
13404.48706738414
13407.471258845557
13409.1164630304
13409.944707495195
13410.272774951534
13410.286385476149
13410.088087055305
13409.726536575843
13409.213348277262
13408.531583483275
13407.638403687542
13406.463254460232
13404.902406435082
13402.810447027343
13399.989744651512
13396.180837071184
13391.0603434967
13384.258984061398
13375.421828616412
13364.340163441146
13351.176272934827
13336.750739266883
13322.745334443862
13311.545322932012
13305.502145823364
13305.823559465314
13311.808321381062
13321.028001739487
13330.253539701
13336.37649640648
13336.866014675768
13329.9341562975
13314.935203052943
13293.40754592474
13270.375925869132
13254.04680847132
13251.802739953888
13264.483409625878
13285.066004053553
13303.05624782671
13308.737279803281
13293.418959392453
13247.764396215849
13164.095274096837
13051.466410873705
12958.301372681039
12945.308641875172
13004.837099097631
13080.95657940831
13145.921125701696
13201.062532771173
13250.555981321277
13293.661442634439
13328.260214694063
13353.742404555609
13371.03713434336
13381.64955599222
13386.942110695181
13387.84389814096
13384.826221139128
13378.00928341156
13367.358772241014
13352.991600798388
13335.605093028515
13316.929606690579
13299.87868289091
13287.934160078243
13283.691754870344
13287.421214074664
13296.873414123922
13308.513607981165
13319.072839696453
13326.373475226552
13329.321808796945
13327.521022422592
13320.91441249845
13309.638204345185
13294.106653840228
13275.277224407557
13254.98148285388
13236.112997596556
13222.368086211034
13217.297233101533
13222.869092259003
13238.405979622808
13260.792220230856
13285.8733591669
13310.011459328942
13330.915731314557
13347.661516153705
13360.28860042025
13369.347642301685
13375.564518635838
13379.645064464132
13382.184882859297
13383.64244519068
13384.344756515093
13384.506862415295
13384.25537644692
13383.650814668767
13382.706972560318
13381.406602584688
13379.714223080113
13377.587307483751
13374.987652348218
13371.895093230223
13368.32548186967
13364.353067711081
13360.13499734036
13355.931091786497
13352.107389642837
13349.11041391479
13347.403935033974
13347.374488070223
13349.231438653578
13352.938255319455
13358.203523651468
13364.532535356231
13371.311248422846
13377.881364829778
13383.571678181863
13387.666602125046
13389.301917647239
13387.275449587918
13379.749046266084
13363.814555611521
13334.952865901227
13286.698962996305
13211.750801151069
13107.74840985291
12991.224162309738
12908.542935447187
12906.409044563115
12976.906847056598
13070.69442014344
13150.984729451096
13207.29017038496
13242.83408091801
13263.936914720745
13275.745980853253
13281.452526589519
13282.81273756363
13280.898131866858
13276.640844185813
13271.09424707875
13265.482769532035
13261.119715359382
13259.22249906134
13260.64274939148
13265.581361933593
13273.408778219584
13282.673391112638
13291.26324500621
13296.597381744805
13295.765021135563
13285.740453887338
13264.167150896295
13231.523138893801
13194.69797447239
13168.376411287682
13167.516010742958
13194.089559208775
13235.442154422091
13276.697390921896
13309.96312133639
13333.99767960101
13350.56229277887
13361.930356955032
13369.950980088011
13375.905302656582
13380.613045751728
13384.56777849972
13388.042591703488
13391.163768164815
13393.961651157015
13396.40567987787
13398.42739012944
13399.933161394638
13400.808609973243
13400.91673314803
13400.092054527595
13398.133029037672
13394.794418828054
13389.781686268656
13382.750118474998
13373.313262819274
13361.067362099693
13345.637525872831
13326.74364445674
13304.262617448905
13278.23252952286
13248.742872584626
13215.766106012703
13179.255368444967
13140.034561002964
13101.500123916818
13070.549651439118
13055.199106928136
13059.551847382407
13081.473635719074
13115.359039639909
13155.617078534367
13197.625559760947
13237.488903255255
13272.174145283296
13299.849540731948
13319.869353230328
13332.372272877445
13337.76226435409
13336.28916055702
13327.818543269534
13311.822396773918
13287.63145850777
13255.006292850245
13215.025036243032
13171.075585980592
13129.419121899025
13098.601601209435
13087.179841677664
13100.008517556998
13135.063516701519
13183.908085070216
13236.08327545335
13283.619583654156
13322.622554393974
13352.405227814701
13373.965870013299
13388.844314928207
13398.519837521628
13404.181994838676
13406.694970268638
13406.645695391457
13404.425430170075
13400.327450556708
13394.656168810254
13387.839456495129
13380.518761902975
13373.569398940854
13367.997464303235
13364.698839676896
13364.15253051074
13366.193931102736
13369.985612211945
13374.164067957661
13376.99432115413
13376.305855528739
13368.987751228298
13349.82444247908
13309.675156889989
13234.797765453886
13116.20233039258
12985.721172804095
12940.38754776559
13025.538923877064
13152.66316368592
13241.009726958739
13273.833869902179
13255.281120459556
13186.547863455016
13070.213081098776
12931.619650723549
12834.166622011642
12840.862867635515
12945.983491788635
13084.623028545817
13202.443381358395
13283.504633063492
13333.789270016183
13363.609195621257
13380.995528023359
13390.998745084435
13396.51403660988
13399.059035943379
13399.19015328474
13396.554311513319
13389.545090460435
13374.420545096295
13343.770294104734
13285.270247984503
13186.552629071877
13061.322075442331
12986.447556575722
13036.50780499273
13160.009170459021
13268.484678834331
13335.794368534696
13371.671685600468
13389.280697081376
13397.04755902071
13399.3151387703
13397.933892809766
13393.193225663308
13384.06812778728
13367.877216633247
13339.392710902965
13289.854448742217
13208.59024103007
13095.643856704859
12990.736657261104
12968.769393610752
13043.664317199162
13146.779565740633
13227.10648198688
13278.216323050421
13309.543567911875
13329.729749940163
13343.791169164298
13354.234696071602
13362.289226939993
13368.603308194883
13373.54341636903
13377.28592304614
13379.819872744796
13380.91114236464
13380.039713172722
13376.306868991876
13368.317058218363
13354.093527865525
13331.236356158543
13297.828874917088
13254.843519364704
13209.864957841395
13178.143321011745
13174.330937236882
13199.212687206273
13239.11311547131
13278.8740097309
13310.745879287137
13333.710827928802
13349.713505686997
13361.121970973923
13369.763364397217
13376.788374417873
13382.822150363967
13388.157876328158
13392.91075701311
13397.1175997741
13400.791077748272
13403.943719187026
13406.595043082963
13408.770880556298
13410.500390962437
13411.8132518278
13412.737835613121
13413.300488602472
13413.525619673408
13413.436409166134
13413.055642768019
13412.406823852421
13411.515029803866
13410.407455996858
13409.113144120249
13407.661446298778
13406.078334026757
13404.379783596014
13402.56147628707
13400.583858246167
13398.352298710794
13395.692674374453
13392.32329019949
13387.826318925221
13381.625706116198
13372.987317632478
13361.073266038442
13345.106027446427
13324.714790702785
13300.4976036459
13274.651003061812
13251.173879407785
13234.973339530212
13229.845760799988
13236.632424888376
13253.094848253362
13275.401027169799
13299.759017600496
13323.251358995098
13343.966284793769
13360.820578489403
13373.292074278585
13381.130834671894
13384.074255550393
13381.58189135035
13372.613924007339
13355.545850812929
13328.506447978903
13290.753485220595
13245.702685383996
13204.337045857
13183.303970000436
13193.246256113594
13228.465755253204
13272.907067891192
13313.435623978874
13344.815030107751
13367.166831375729
13382.530672021934
13393.02729856984
13400.28355705675
13405.406580135177
13409.110095217944
13411.844157187916
13413.891325092294
13415.429876480757
13416.573171470713
13417.393516169586
13417.93654066387
13418.229779375068
13418.28787567734
13418.115302181768
13417.707124306908
13417.04779694114
13416.107617887346
13414.835777301956
13413.1489128321
13410.913177111823
13407.918067175815
13403.839928841135
13398.196461153197
13390.301052374916
13379.247576839767
13363.999801529084
13343.729324328686
13318.588086749234
13290.91677440796
13266.164205473624
13251.817022203051
13253.407404817232
13270.430706124402
13296.70750781927
13324.755628130839
13349.469826764387
13368.834871891957
13382.89573505907
13392.593529779695
13399.05682933691
13403.294509302665
13406.103393531206
13408.062230430289
13409.553660211723
13410.797205099145
13411.88914866549
13412.846312960774
13413.64705049643
13414.26289977448
13414.67747191439
13414.893175523146
13414.929453715858
13414.816910378418
13414.590655534503
13414.285111167757
13413.930688249508
13413.552223641698
13413.168753319003
13412.79404041157
13412.437380130234
13412.104445318511
13411.798024008422
13411.518554509654
13411.26444147681
13411.032291889975
13410.816906673119
13410.61132209479
13410.406808173206
13410.192918126046
13409.957700409439
13409.688034271543
13409.370052766408
13408.989605523804
13408.532505453664
13407.984400137175
13407.329561986766
13406.548739040643
13405.615372316017
13404.490278471756
13403.11527990968
13401.406325272581
13399.247431248365
13396.486694917212
13392.93583298159
13388.374977392446
13382.56395494352
13375.262369425502
13366.26096974466
13355.428408873551
13342.779195246314
13328.56808097589
13313.406473269279
13298.368974948276
13285.010675638207
13275.182413589542
13270.584640928286
13272.175273480912
13279.724972018395
13291.78262771499
13306.046304698528
13319.883079211624
13330.724764708391
13336.241617725833
13334.408611071925
13323.756891734405
13304.211369557068
13278.699757026681
13254.590865313303
13242.227380018261
13248.885221411394
13272.991487196852
13305.742304372032
13337.961245129405
13364.4835087066
13384.05268880839
13397.47486103461
13406.141689724225
13411.322630090399
13413.952770309781
13414.635228877449
13413.70705206742
13411.309376182455
13407.44716908153
13402.040790234167
13394.976380327096
13386.160706827417
13375.580130219418
13363.353862319638
13349.76102263505
13335.21652650355
13320.183592077059
13305.038553273218
13289.92819625611
13274.654934064585
13258.603583185652
13240.742609101584
13219.818216122121
13194.927362872199
13166.541058144121
13137.6603625154
13114.236363255615
13103.740012077988
13111.653854162492
13137.890126480705
13176.41602087881
13218.72525936828
13257.935969666958
13290.553149722682
13315.949302884694
13335.066662129948
13349.355717742175
13360.188336896696
13368.631388339796
13375.420556985719
13381.022006537356
13385.718444633703
13389.687553254855
13393.059064229981
13395.946928820973
13398.458521926843
13400.685461056977
13402.68113758498
13404.427632672121
13405.789601846034
13406.440469871059
13405.727323281453
13402.408444180815
13394.154832126756
13376.695113563974
13342.744113931607
13282.276030258923
13189.937170718695
13087.71778146968
13039.085019653296
13084.502551062727
13177.7972168621
13257.684829237338
13305.467398009056
13327.682863509412
13334.580446009519
13333.57340752727
13329.131542458812
13323.792508473825
13318.964300633372
13315.434866795753
13313.67991129192
13314.015919339949
13316.623196040093
13321.490713245856
13328.362455667075
13336.750999143846
13346.028923058877
13355.556887799752
13364.792755593982
13373.349706009334
13381.002490422778
13387.6600396468
13393.325399917001
13398.057081160885
13401.938745546406
13405.058137703674
13407.494001776162
13409.30869633225
13410.544648325666
13411.22336636422
13411.346651312642
13410.899952330585
13409.85910531058
13408.201243150606
13405.921189662748
13403.053575414424
13399.698239076457
13396.042741040717
13392.370843322364
13389.042398702031
13386.433215358722
13384.833478505596
13384.31716981569
13384.597152827359
13384.852109424452
13383.438844517781
13377.28289929917
13360.598111083631
13322.691515851597
13246.531119555437
13118.66927481379
12974.208058110196
12931.119668943391
13037.651913141402
13181.984899240733
13281.92172222363
13333.773651258913
13354.856569332602
13357.707326351043
13347.29579539502
13322.292077003858
13276.554002567804
13204.810833435253
13119.448308025081
13064.917935342182
13078.624376675252
13134.706025035466
13184.086656286112
13208.5940526677
13214.574963171219
13213.18825641236
13212.161197046125
13214.907434253406
13222.02555115175
13232.948502332838
13246.868078589285
13262.958846306332
13280.333198767694
13298.045051475443
13315.197221959586
13331.072326765798
13345.210965936965
13357.416148093866
13367.703568795772
13376.229931963915
13383.224585568942
13388.937252768186
13393.604821146808
13397.434201873664
13400.596790095951
13403.229757630264
13405.440813426245
13407.313954750687
13408.914685829555
13410.294247016107
13411.492707592966
13412.540902126839
13413.461689039526
13414.270569103328
13414.97611076751
13415.580016550504
13416.077178941758
13416.455603072829
13416.696267301622
13416.773058932926
13416.652718436677
13416.295124921124
13415.6538486981
13414.676937634993
13413.308084496599
13411.48775868944
13409.154018073195
13406.242868316745
13402.688069244774
13398.42131806924
13393.374669918958
13387.48799793632
13380.72439245111
13373.094848283074
13364.689491349462
13355.70542784501
13346.455112566797
13337.33704032674
13328.759359361387
13321.028884708066
13314.24306341942
13308.232174251438
13302.579313596083
13296.70629450455
13289.983989164668
13281.831907905778
13271.812766446237
13259.779607726394
13246.147531148074
13232.276300731717
13220.720024006387
13214.858070375338
13217.603128084735
13229.77154944467
13249.4500889868
13272.988322689645
13296.712299575225
13318.071459124247
13335.829147051876
13349.682846585183
13359.771799400105
13366.280736665245
13369.149601718429
13367.821423209569
13360.957275241135
13346.092999458939
13319.358978844324
13275.76607030536
13211.18703713087
13126.848328958522
13032.346787604727
12936.694282501292
12834.000191277531
12720.374871972428
12628.651388678134
12612.733687711663
12704.183887475923
12865.781007042597
13012.617736096952
13102.799625208323
13144.881806197925
13162.670725371803
13176.547562774127
13197.48832115295
13226.611699413768
13259.111454027478
13289.42830880107
13314.050661974836
13331.613405109341
13341.885602356262
13344.788776813013
13339.722308690194
13325.11981635741
13298.28015228633
13256.064893416506
13198.010674237672
13133.210072575099
13085.613748688507
13081.505599722002
13122.075785440145
13182.301429074558
13237.960364411432
13279.309175502913
13306.363556501747
13322.100003233141
13329.429779959832
13330.646390495345
13327.666313436723
13322.27210219085
13316.069071795859
13310.110902408152
13304.372333577494
13297.437361358268
13286.795615597226
13270.018006636701
13246.906539990026
13222.03873671614
13205.241055821245
13206.585052440554
13228.135866270903
13261.962029219823
13297.02809728895
13326.065488898657
13346.854075882136
13360.265570728501
13368.274272255387
13372.88476525867
13375.731843665219
13377.98816595623
13380.383369984113
13383.265910174274
13386.691161469542
13390.52402685429
13394.5389881669
13398.49984597182
13402.210031378097
13405.533736825433
13408.395827861083
13410.770100263695
13412.66377267307
13414.102925141855
13415.12139565623
13415.753162497427
13416.028034254561
13415.969692969953
13415.594884778347
13414.91331663886
13413.927254215858
13412.630192928676
13411.004419878022
13409.01730563745
13406.617480505307
13403.731929001813
13400.266424199111
13396.112194333906
13391.161974956582
13385.338761497303
13378.639864350705
13371.195751735771
13363.337646540334
13355.654586263463
13349.00090924635
13344.398167319208
13342.794055901477
13344.725320614332
13350.048359260907
13357.924856190864
13367.101359653047
13376.318173237538
13384.624922696841
13391.493347409762
13396.761801236344
13400.506825423077
13402.918982065361
13404.21687143388
13404.601811581922
13404.242200656818
13403.275335848206
13401.817333705865
13399.975408426895
13397.859092961131
13395.588058826292
13393.295363624575
13391.12452207927
13389.220678537484
13387.716706422865
13386.717094779102
13386.283296229502
13386.424588306289
13387.096579389587
13388.20719514828
13389.62726745696
13391.201007257014
13392.751119581275
13394.073615485739
13394.918224853664
13394.94960420625
13393.684432151373
13390.3977809959
13383.99847463047
13372.895378427216
13354.952011454126
13327.810789448406
13290.175048731511
13244.67755257661
13201.31360866297
13176.20969357656
13180.810838761656
13210.870335926225
13250.711986670127
13286.145519491422
13310.239756123185
13321.400631028202
13320.282102937092
13308.515888639125
13289.218715089664
13268.194422876635
13253.810286320886
13253.555554924767
13268.98609903704
13294.636382211454
13322.429057068963
13346.451389981556
13364.315621217786
13376.08322352612
13382.85615459137
13385.916232064366
13386.382306374508
13385.14328624441
13382.89140055733
13380.169958001223
13377.40420591146
13374.910030345858
13372.887119547531
13371.407241295452
13370.408541604562
13369.701791023364
13368.988013108064
13367.87806313004
13365.896572798869
13362.441415414209
13356.64943453344
13347.079255114517
13331.056018776711
13303.492780390685
13255.390478567775
13174.511358905807
13057.504041375181
12943.042995137239
12914.267603018629
12989.162347322195
13088.78169982593
13156.751954840991
13190.759662510261
13207.07644859913
13219.155627884495
13232.291355213276
13245.187423014268
13254.116796530301
13256.46655449576
13252.230585219264
13243.899598593649
13235.519518623156
13231.303876091537
13234.184815134256
13244.919394076454
13262.167030733588
13283.340887851193
13305.647701026388
13326.836798369943
13345.503640370613
13361.040261892314
13373.411609374185
13382.906423461744
13389.939277624106
13394.92194985123
13398.1918535815
13399.976803777303
13400.377463256287
13399.353225793655
13396.700600319462
13392.014104215503
13384.620057572814
13373.475036729407
13357.033143423932
13333.135007651981
13299.115491131068
13252.646806671066
13194.203582954251
13131.328064140751
13080.752709778784
13060.053551876701
13071.633949575098
13100.482393258852
13129.687039027654
13152.192711084359
13170.185642816157
13188.8043557456
13210.069900216831
13230.086970183867
13240.186782249993
13230.164209979792
13193.215608609404
13136.04689500084
13090.510707648285
13097.672768925997
13159.268663582123
13235.90463645727
13295.190609972777
13329.12962665047
13342.508870679501
13342.932047057697
13337.683850516218
13333.07083239812
13333.5595925833
13340.712826211504
13353.144667182767
13367.888533128551
13382.125163763576
13394.139918335255
13403.3598370486
13409.948969909292
13414.389843316767
13417.213732115986
13418.873595221241
13419.705561887871
13419.931865529903
13419.6769265798
13418.982137817615
13417.81264133899
13416.052165476645
13413.482008977224
13409.738974734079
13404.2462570478
13396.115206478567
13384.035427254828
13366.230563867508
13340.70086657665
13306.2084027395
13264.510541651576
13223.2099808498
13195.477831593169
13192.268197344281
13212.421371105702
13243.692101144063
13273.283964663655
13294.66886230791
13307.120057489028
13312.72117872884
13314.070835713204
13313.03927303504
13310.110550636005
13303.969451081997
13291.17537964651
13266.020013071548
13221.571871089596
13154.984347915208
13080.18008915351
13035.626619757728
13053.76685676342
13117.875015515672
13185.502850019848
13233.373273938054
13260.69708054824
13275.0860126878
