13392.590080179398
13392.58748362537
13392.584876032228
13392.5822472308
13392.5795872213
13392.57688609922
13392.574133963948
13392.571320803498
13392.568436348125
13392.56546988578
13392.562410032255
13392.559244450615
13392.555959515917
13392.55253992495
13392.548968254176
13392.545224474992
13392.54128544175
13392.537124376457
13392.532710385241
13392.528008056672
13392.52297721502
13392.517572936636
13392.511745995134
13392.505443994534
13392.498613604672
13392.49120456954
13392.483176585452
13392.47451085641
13392.465229325608
13392.455426592425
13392.44532294475
13392.435352800665
13392.426312995618
13392.419613040785
13392.417700589507
13392.424790485487
13392.448124080956
13392.500161350019
13392.60242184212
13392.792241110139
13393.134637469886
13393.742894177816
13394.813001629336
13396.676283399891
13399.861025072978
13405.093839321593
13412.982964602177
13422.752877925885
13429.534254306418
13423.392061529563
13399.5508359953
13372.575048162165
13361.033748828295
13364.854457648016
13374.349398910826
13383.465016718748
13390.744221542236
13396.542233322418
13401.302724121048
13404.848659896108
13406.19490939086
13404.028337488966
13398.068183806312
13390.26384164259
13383.881161192683
13380.985408271386
13381.344276814509
13383.494506122903
13386.081273164222
13388.3481858782
13390.034995237946
13391.153709531356
13391.83589715851
13392.260896895492
13392.630142851713
13393.161739324742
13394.095222916014
13395.705917476098
13398.327486365826
13402.368151481507
13408.262991715908
13416.181830188652
13425.069133300893
13430.658891048452
13424.59083037423
13401.825256472339
13373.503428005411
13358.021543768016
13358.92774515687
13368.111283699314
13379.029095426144
13389.881614341235
13401.544491584109
13415.262342700185
13429.524127718389
13435.26165435407
13418.072840672421
13381.736171093658
13355.755870919573
13353.66352054605
13363.740483680516
13374.421352276166
13382.015887626652
13386.69426475281
13389.412350165425
13390.952191406783
13391.809449380013
13392.272628484705
13392.505419857807
13392.60141477807
13392.615837125893
13392.583128824308
13392.526157130245
13392.46112841064
13392.39989957037
13392.351173703304
13392.321166845752
13392.314005917802
13392.332244511139
13392.37715503848
13392.44917769539
13392.548241949618
13392.674052565206
13392.826087799122
13393.003688880175
13393.205973695598
13393.431512966217
13393.677886379222
13393.940694558602
13394.212018475035
13394.478090168315
13394.716496926067
13394.894222496483
13394.968179985315
13394.890942137165
13394.623056076909
13394.149979522736
13393.497391382702
13392.735298269812
13391.964774951392
13391.290522507692
13390.791370372828
13390.502368276299
13390.414676742326
13390.488832937597
13390.672716992101
13390.916197592065
13391.17945058272
13391.435303383625
13391.667985579797
13391.870301456313
13392.040677227751
13392.180885397318
13392.29437801024
13392.38545228218
13392.45903585478
13392.520851451207
13392.578288340606
13392.641824080216
13392.727812883684
13392.863402701902
13393.095356460724
13393.506276536922
13394.243880021711
13395.57270566647
13397.958163276511
13402.17370258357
13409.316019301996
13420.240204309894
13433.158140827116
13438.792587267986
13421.732451929014
13384.155020324288
13356.2213160399
13353.165693628742
13363.18025031039
13374.028877359171
13381.741717749695
13386.463763183028
13389.185466466715
13390.72042488464
13391.584206602925
13392.07624819929
13392.365593841048
13392.54757157263
13392.677160060755
13392.787882234192
13392.902827601596
13393.041427714757
13393.224564644628
13393.479385163972
13393.84451951025
13394.376511599801
13395.156538344501
13396.295244016268
13397.92767912196
13400.181237900326
13403.08540838099
13406.390624556996
13409.33035555494
13410.57901317514
13408.905614214611
13404.56620555611
13399.914469169624
13397.548575428034
13397.656537199804
13397.938196909605
13396.268190519277
13393.074911577032
13390.540204880625
13389.600291116116
13388.95980149043
13387.271177863908
13385.286548584589
13385.302255821382
13388.928267900135
13395.848637895517
13403.939770912168
13409.601840672896
13408.974346797624
13401.64444905794
13393.222529207671
13390.042712996006
13391.584353841627
13391.643200899904
13386.138421248555
13378.171424000604
13373.927753051456
13375.397346675292
13380.092218629059
13385.025197131623
13388.68810111277
13390.824501435893
13391.763794457258
13392.008007929535
13392.044815403184
13392.258256806257
13392.875736674403
13393.936543595813
13395.284678754828
13396.603832515553
13397.53092934028
13397.863385356033
13397.769395188188
13397.79459874846
13398.541342836454
13400.199198784601
13402.273352271819
13403.69068281557
13403.239295575295
13400.205651451837
13394.93677309636
13388.877720448681
13383.851120430287
13381.04439874968
13380.528456785001
13381.563080791226
13383.218888508192
13384.810373392373
13386.016877244794
13386.809035850865
13387.313686560377
13387.693385964645
13388.07159253795
13388.507136858696
13389.00352118762
13389.532948032584
13390.058951332878
13390.550549333942
13390.987855831658
13391.362087850357
13391.67300288387
13391.925851732973
13392.12877736598
13392.29113497311
13392.422296871595
13392.531238541646
13392.62630612703
13392.715294835396
13392.805608311959
13392.9044973518
13393.01923110772
13393.157300981247
13393.326528024578
13393.5350464212
13393.791075425788
13394.102449258617
13394.475741485907
13394.915084074462
13395.420696846706
13395.98772101725
13396.60578707711
13397.26050676418
13397.937025651041
13398.62457659238
13399.317115118894
13400.000420648425
13400.614639109806
13400.99174769543
13400.802312429829
13399.59716849483
13397.036005001213
13393.247262139208
13389.004677474415
13385.411960118832
13383.281934121856
13382.776549982804
13383.54893504258
13385.111854960853
13387.105031822195
13389.377800091124
13391.955779086975
13394.955863295147
13398.450805772427
13402.237226935164
13405.498630547356
13406.601806938248
13403.699787435264
13396.558895081962
13387.968150172155
13382.041363392495
13380.867858164487
13383.754038600398
13389.015676977677
13395.451764758987
13402.500879405126
13409.652021910983
13415.723724631884
13418.624045208757
13416.370226289895
13408.941884605196
13398.366914899603
13386.745582017458
13376.091195370745
13369.205352019248
13367.818445716508
13370.894895664213
13375.990603822818
13381.187892112512
13385.644266908119
13389.252759483768
13392.21865519338
13394.808452660585
13397.23488932357
13399.601764343883
13401.866830192726
13403.82508126719
13405.15183633656
13405.552244275417
13404.991246685828
13403.835186885835
13402.684738208916
13401.877730600221
13400.958403498642
13398.619743774141
13393.628083987285
13386.467791065448
13379.832591608116
13376.629944862287
13377.746437651404
13382.181875503746
13388.593701393376
13396.282495017746
13405.207101939663
13415.374884961931
13425.727333888453
13432.823402094928
13431.20277213935
13417.944256752582
13397.297092922234
13377.135974030956
13363.143778414526
13357.801137335971
13360.011431879795
13366.201281061942
13373.118909463534
13379.158564149056
13383.981223498642
13387.787726203362
13390.862044909145
13393.372673338976
13395.30685787352
13396.479915640224
13396.629673910285
13395.609046040303
13393.60139766958
13391.178807778588
13389.086416231265
13387.897266543576
13387.8332628092
13388.877325100142
13391.063993821572
13394.813920257371
13401.290821709445
13412.696879001533
13431.571713689767
13455.428396957253
13463.125502814015
13422.480024549923
13362.926950244955
13349.833248063223
13375.246683642185
13405.181650209424
13419.330166989579
13406.21674559425
13375.684677364861
13355.911135789864
13356.422252352751
13366.365468750166
13376.23300483732
13383.156633115077
13387.39791303074
13389.836698516456
13391.187868084055
13391.910653809648
13392.277644847078
13392.447043587614
13392.511060379888
13392.524272635701
13392.519446330172
13392.51624223907
13392.526247919488
13392.556082330622
13392.60989527823
13392.691804853184
13392.808524537548
13392.972285227703
13393.203786557713
13393.534885872528
13394.010054631606
13394.685353201978
13395.621959186645
13396.869233133586
13398.428564895163
13400.189852786914
13401.84591313426
13402.8359227145
13402.440719902736
13400.15483552752
13396.2120129343
13391.74615916831
13388.199426597075
13386.448626784093
13386.495896217366
13387.829703056732
13389.909013981682
13392.387554206072
13395.083825184016
13397.84194099711
13400.401953225373
13402.38720109919
13403.566182422739
13404.58927119625
13408.326723043034
13421.566153825597
13454.303858088922
13500.401791773147
13480.150819895334
13341.731113054322
13278.86990533472
13313.596448914517
13352.028216460927
13373.198735480524
13383.21562703875
13387.897571261718
13390.184525708342
13391.3908008776
13392.097288223551
13392.56860607656
13392.931267090617
13393.248216404685
13393.549785608278
13393.845946557416
13394.13045793508
13394.38239627634
13394.56864406784
13394.649734519404
13394.59068699203
13394.375498458285
13394.02013295137
13393.576593617323
13393.12256034
13392.738183350164
13392.479791848427
13392.362827985558
13392.361126259513
13392.421303105819
13392.485207773008
13392.512010429526
13392.493596147266
13392.459307327426
13392.469875827612
13392.603528117193
13392.94021031974
13393.549581039786
13394.485930599163
13395.787825266694
13397.477395566837
13399.552546752515
13401.966026058637
13404.587784694326
13407.15313566626
13409.21213948481
13410.12043878369
13409.142654562354
13405.737316252264
13399.98030941588
13392.849964478686
13385.993616902253
13380.968874302089
13378.528428351241
13378.49057213261
13380.122063164557
13382.59599625674
13385.252994292543
13387.6639091366
13389.59474258082
13390.9514482996
13391.73668713156
13392.021766549648
13391.926125737979
13391.59610328846
13391.18124890306
13390.81141884609
13390.58080675498
13390.542331175737
13390.711406581593
13391.075382359577
13391.604406062177
13392.260954336205
13393.006820635806
13393.808002122178
13394.637736916036
13395.479018686647
13396.327447311689
13397.19457333282
13398.109022371485
13399.109005663551
13400.219067330372
13401.413771616404
13402.591126290177
13403.59058347638
13404.260608851695
13404.518675818084
13404.348560243074
13403.805223439076
13403.162103264985
13403.17260872562
13405.296750209736
13411.707290897328
13424.200886604784
13439.83880835297
13443.36012831982
13413.97282694852
13365.225378798292
13338.969973008692
13341.12549516989
13352.81123263136
13363.103996732621
13370.126489913728
13374.894876244576
13378.606204071051
13382.075241604553
13385.869682802702
13390.619947868554
13397.333519012596
13407.543705468994
13422.597412917596
13440.047942007639
13446.186366777836
13420.576338277233
13375.240962610469
13353.346069296858
13362.164145818897
13381.161638407233
13397.006552544373
13404.729388490461
13402.249538936088
13391.505411360704
13379.663681913175
13373.465827643833
13373.77477955367
13377.549296233341
13381.918029757628
13385.535052041065
13388.123738487844
13389.840757959388
13390.932724499226
13391.61507647325
13392.051612606056
13392.367821764505
13392.673742547622
13393.09105339773
13393.789208688771
13395.040157984567
13397.303364620733
13401.337429138319
13408.245117941555
13419.031205467749
13432.52015568744
13440.721971826095
13428.561339042506
13394.900322511152
13367.911386389771
13365.960719232715
13378.181833895804
13389.7616082462
13394.032500648627
13390.94203053599
13384.684308311482
13380.134750520778
13379.266083078845
13381.075047696231
13383.781634421148
13386.254990592835
13388.136568854874
13389.48428858908
13390.474846134444
13391.26807024702
13391.977655577984
13392.684317725621
13393.453596089055
13394.345465978751
13395.414276457539
13396.70145779497
13398.220433670653
13399.93018090092
13401.693297457532
13403.224453342458
13404.063953382563
13403.654014707923
13401.594239480653
13398.006088517028
13393.691635916519
13389.794617570607
13387.167262234454
13386.006421450504
13385.98830951942
13386.622768057256
13387.504109547848
13388.380797629441
13389.122521445704
13389.669129556643
13389.999692453537
13390.124273875655
13390.084714438677
13389.950580924917
13389.804174663512
13389.719037275358
13389.742270926983
13389.887956231172
13390.142446484846
13390.47592877556
13390.853815204688
13391.244168228806
13391.620625223337
13391.962305719971
13392.252764538152
13392.479614733402
13392.635527136352
13392.72079243188
13392.746778670447
13392.739709211719
13392.743708300895
13392.823119905863
13393.06370659752
13393.57309807501
13394.478837306708
13395.919798008495
13398.020435311037
13400.831528315814
13404.221762537356
13407.732541432699
13410.483528049781
13411.304481832567
13409.209698320064
13404.00265652564
13396.552795323982
13388.581444403344
13382.109617828693
13378.65873791436
13378.57871393552
13381.092226465133
13384.96212623067
13389.11646157715
13392.845060151607
13395.671201180232
13397.187477051522
13397.087131190394
13395.425556913813
13392.856627318086
13390.4724628293
13389.24183096424
13389.531707683467
13391.08994604608
13393.348688746828
13395.713085275938
13397.69898794108
13398.984566854584
13399.461083318025
13399.26650802794
13398.692643991444
13397.913924300332
13396.716959399433
13394.58133294253
13391.245481679221
13387.295200911814
13384.01477062732
13382.486299388045
13382.884445686128
13384.58739994461
13386.728673143762
13388.616039427634
13389.871213645374
13390.41203840072
13390.383626681723
13390.066335017806
13389.766705722883
13389.718679687498
13390.030681037702
13390.690790952467
13391.610581435245
13392.678802273002
13393.807797511781
13394.968105583464
13396.208886277149
13397.652716819119
13399.442023090149
13401.61480944662
13403.918290773981
13405.662530074997
13405.864904584058
13403.925892418076
13400.497790448868
13397.413882534871
13396.195558650314
13396.596997326744
13396.783209320296
13394.896506663978
13390.633628682137
13385.483506621918
13381.387335515808
13379.308064847917
13379.064293195584
13380.006549888676
13381.551745335435
13383.31840616911
13385.078409623735
13386.698197720641
13388.106575228418
13389.276362558083
13390.209802228615
13390.926302116697
13391.453543109234
13391.822462752285
13392.064928006665
13392.212798639008
13392.297163089532
13392.347028874536
13392.387725116621
13392.43948453864
13392.516712820978
13392.62825044416
13392.778300758438
13392.96729003671
13393.192407430359
13393.447278270156
13393.721199495527
13393.998383756469
13394.258517985747
13394.480258682055
13394.649176228815
13394.771611950902
13394.894648626996
13395.131743617874
13395.694021519888
13396.928908009137
13399.363231999334
13403.709020773662
13410.648540369883
13419.892635448887
13427.877252964323
13425.823102409347
13406.290790284942
13378.51472420921
13362.168013585142
13362.087082842701
13369.652661447139
13377.505828281459
13383.167957264446
13386.66789692274
13388.655573934382
13389.723013365063
13390.277573668547
13390.570626037621
13390.746625057902
13390.882531242472
13391.014896704837
13391.15774308089
13391.314037042584
13391.482481185489
13391.661055383165
13391.848687838701
13392.045902603515
13392.254901078193
13392.47972593533
13392.726123755907
13393.001442410248
13393.313985799545
13393.671935082977
13394.081381264486
13394.543834970653
13395.053109283861
13395.593187378605
13396.138883356005
13396.662504169988
13397.149260540742
13397.620559709992
13398.157917924746
13398.913541507603
13400.094493011578
13401.923002295807
13404.598440650827
13408.285392995891
13413.056027320803
13418.456151533828
13422.241222851899
13419.244093935988
13404.898122452034
13384.224365661876
13370.407028033946
13369.26009016299
13375.657054612191
13382.804719298803
13387.324697028056
13388.841943678926
13388.449007408308
13387.478684282134
13386.765420320002
13386.509467898073
13386.564594397429
13386.760233304009
13387.033757518062
13387.399695193575
13387.875344883427
13388.440548999217
13389.041867305366
13389.617708914857
13390.121156288535
13390.530863554426
13390.850522046274
13391.10119643834
13391.311426082488
13391.508063076275
13391.710034817528
13391.925759975298
13392.153893215222
13392.386549957751
13392.614151362624
13392.831347877825
13393.0431665619
13393.2716681261
13393.562382235004
13393.9900068529
13394.662539483825
13395.720603226031
13397.323921491716
13399.605371001444
13402.556979532244
13405.8111387687
13408.367075678017
13408.586430773212
13405.05768788107
13398.27290917496
13391.205016577587
13387.153855282648
13387.179251071066
13390.188248739189
13394.80011257075
13400.698110917003
13408.583992158272
13418.324840939917
13425.016525224117
13417.368871515462
13390.726229167965
13363.348804528056
13354.538818632129
13360.837260808934
13370.807545985303
13378.709170021355
13383.732204302314
13386.687139985659
13388.477926975866
13389.747864201634
13390.912760021565
13392.270788890917
13394.108323738976
13396.790018921893
13400.828741808537
13406.898604569094
13415.666123638668
13427.152371275093
13439.266052982905
13446.036296603139
13439.35247601357
13419.275832280548
13401.942956426557
13402.29572661232
13411.168512797078
13405.137421546102
13384.718404684412
13378.627090436012
13393.66249112582
13408.061505393307
13401.610245142563
13375.867442506238
13352.4475742065
13345.585459332691
13351.406415261845
13361.327066681266
13370.474161815744
13377.419926833496
13382.264032756784
13385.517211364206
13387.678546664767
13389.129068722219
13390.135045747234
13390.878541998098
13391.488092512775
13392.063648255458
13392.696773934193
13393.487791686357
13394.561475466793
13396.0787438022
13398.233178941417
13401.201388425134
13404.984481602653
13409.062351213075
13411.924981305094
13411.07511125676
13404.639605139037
13394.2028296507
13384.880886216539
13380.88384381342
13382.374631713072
13387.062764461485
13392.840730292808
13398.723294233265
13404.655720923554
13411.133058456859
13418.627460459755
13426.012682020533
13427.750524081408
13414.686887693024
13386.897548009016
13362.360538046056
13355.28781106616
13361.393447516462
13371.200044390203
13379.873722614986
13386.48569397455
13391.459256783444
13395.269046193682
13398.01133523207
13399.345535965414
13398.71395956881
13395.869011943456
13391.436771061308
13386.887153360018
13383.701857210628
13382.517843452793
13383.046563899108
13384.59154800929
13386.537386518463
13388.538649926877
13390.50063802863
13392.503293518977
13394.743452778745
13397.506587855505
13401.142986707608
13405.989975037048
13412.127634537987
13418.824186019481
13423.764084814355
13423.08872598624
13414.09945950941
13399.34648505678
13385.546474972789
13377.259316037069
13374.596743559277
13375.803729800515
13379.1524908907
13383.28958448138
13387.299815189057
13390.721694272019
13393.393816949216
13395.199163347968
13395.878270755817
13395.081864228032
13392.70983776749
13389.284952533091
13385.899159394243
13383.622630239326
13382.911128635995
13383.53946438607
13384.9567077093
13386.645873695781
13388.27926258057
13389.711717419936
13390.915692302646
13391.919863272105
13392.768903952363
13393.501603014154
13394.140552653529
13394.68837589768
13395.128121755868
13395.428267287785
13395.554016115904
13395.48621634847
13395.245274912342
13394.910612311998
13394.62047590621
13394.53894288334
13394.788381887092
13395.362665072687
13396.051540139246
13396.426479111287
13395.956013993908
13394.287649396712
13391.575317083407
13388.54882237462
13386.14052488152
13384.944806497691
13384.983931765511
13385.885332883503
13387.193278887333
13388.566463215167
13389.823125290444
13390.90500049251
13391.825240639224
13392.628338578443
13393.365187627162
13394.078384140761
13394.79159596693
13395.499076624594
13396.155034783693
13396.667044803877
13396.903574300972
13396.728562548711
13396.06803078667
13394.988537067615
13393.739199017738
13392.712519421937
13392.33415404522
13392.949711208817
13394.767467583622
13397.83297634637
13401.929332022599
13406.296694678684
13409.269465241878
13408.470242151014
13402.513584962506
13393.405033772611
13385.97289603989
13383.71814113941
13386.50175836915
13392.243741103379
13399.140122376806
13406.15508418406
13412.13264372796
13414.495619250687
13409.446355253609
13396.099908989267
13380.81468351322
13372.29734636775
13372.82968975306
13378.822787428722
13386.352025200154
13393.464612533257
13399.621883792124
13404.676798191173
13408.161350505365
13408.923227704987
13405.421738721565
13397.181040117937
13386.507308535382
13377.715957166778
13373.744180209385
13374.356754492217
13377.552031113166
13381.495505256366
13385.231407957888
13388.544850793673
13391.661319259383
13395.025487897889
13399.099839116505
13404.0036101551
13408.82773392324
13410.919411026282
13406.684431056896
13395.512247000788
13382.921392256585
13375.897818021514
13375.98503096271
13380.070757354924
13384.870288576774
13388.78977590194
13391.521017060826
13393.295427055167
13394.449703886086
13395.249882479655
13395.84017619556
13396.247902606052
13396.420253200597
13396.282360101763
13395.805832735352
13395.068925746868
13394.281027579184
13393.747914766922
13393.776984265076
13394.549524405078
13395.992890830017
13397.679163743605
13398.811230778552
13398.44725312191
13396.086615525279
13392.320203200938
13388.765586893773
13387.037388794954
13387.756203879773
13390.537857405754
13394.620132080978
13399.313789483322
13403.979571674146
13407.711446210977
13409.176605867546
13407.293537791626
13402.898791910227
13399.604113530071
13401.608788984806
13409.977829258085
13420.611242626754
13424.485705621337
13412.028236291342
13384.146765108173
13357.221060230077
13346.375252639744
13350.803333562882
13361.553757658105
13372.136019594202
13380.282781176595
13385.969452231408
13389.834139514884
13392.51911814087
13394.49851686302
13396.072740797743
13397.39502844417
13398.489985160622
13399.263691385406
13399.524306676292
13399.042349135732
13397.667353848252
13395.467418358716
13392.79491597085
13390.189219793358
13388.151450075537
13386.948783875503
13386.573648708483
13386.83867380009
13387.503942198116
13388.361090218525
13389.2619733919
13390.112580316698
13390.854987425906
13391.451183273264
13391.873984154881
13392.106589029232
13392.148419582192
13392.022559804689
13391.778389164016
13391.48491681056
13391.215498954
13391.02994995868
13390.962434807543
13391.019533345503
13391.187834944118
13391.446987043533
13391.783811733445
13392.206683870381
13392.762525510085
13393.563965061092
13394.839733598068
13397.030121499118
13400.957216641433
13408.071924729713
13420.567198855444
13440.264525838342
13463.221720318164
13469.700768655168
13435.44389235595
13382.502666644501
13354.721267899959
13351.262829841105
13357.30930590473
13366.572570829645
13375.782226855841
13383.000806458998
13387.9738170713
13391.479237948546
13394.501856482126
13397.750868104426
13401.414943166492
13404.902608617997
13406.54607144807
13403.917876378348
13395.790439972696
13384.66637092315
13375.768211145403
13372.399600837483
13373.891268623547
13377.761323372604
13382.02649211855
13385.762731618124
13388.748581450745
13391.055746346416
13392.81979244
13394.150487058385
13395.114882977523
13395.755467521707
13396.128004042115
13396.350512656321
13396.652289179474
13397.408505171203
13399.141355470098
13402.449410801028
13407.754703025752
13414.627446723138
13420.54806807578
13420.262462841834
13409.294771684368
13391.389255530967
13377.286934483862
13372.401840094291
13373.500630960754
13375.947493888061
13377.885486194547
13379.459720569028
13381.156907359564
13383.104665752733
13385.13765921109
13387.040457584893
13388.681252028458
13390.027610488054
13391.113421985632
13392.00339294244
13392.770162772104
13393.482608202752
13394.20056620608
13394.970653170347
13395.819477672314
13396.740844933074
13397.676117504052
13398.491732528262
13398.968520193848
13398.830639423271
13397.841549353343
13395.954514333282
13393.427964201162
13390.782363030165
13388.579441037895
13387.174793211505
13386.621413042087
13386.749271882913
13387.311463454353
13388.09261018881
13388.951329750085
13389.81794182507
13390.676040100463
13391.544247869046
13392.463427836787
13393.487977902058
13394.677918670866
13396.0869434169
13397.740984804608
13399.602833030749
13401.52337337736
13403.196097804343
13404.157430315725
13403.894853923355
13402.086967396632
13398.87241959371
13394.921042005986
13391.170043370725
13388.38973636106
13386.906885039316
13386.63385365928
13387.288752387538
13388.625557816698
13390.586405629403
13393.378499291224
13397.4851719499
13403.526159954865
13411.65401212311
13419.952934375115
13422.30259950817
13410.585952162934
13386.460181926617
13365.951313317822
13360.189917336429
13365.201129297957
13373.110503016409
13379.836680035647
13384.529826342754
13387.54937418123
13389.435782783536
13390.612266999333
13391.358267851196
13391.846931981381
13392.183494819066
13392.43236924129
13392.63408514081
13392.815591260944
13392.996210387922
13393.191227468802
13393.413806738627
13393.675734594794
13393.987170230008
13394.355054714477
13394.78001999791
13395.251525938267
13395.741283286461
13396.196479524619
13396.536234528889
13396.657109757754
13396.454138643201
13395.858800778899
13394.883021005633
13393.644445830703
13392.348153377454
13391.223591521162
13390.448177208393
13390.099223107003
13390.153112097392
13390.518800374983
13391.078675572307
13391.717859248258
13392.337571865259
13392.857577787205
13393.215335957473
13393.367460234647
13393.295010102791
13393.010225726104
13392.559476754406
13392.01750288691
13391.4717962747
13391.00208897888
13390.662992863752
13390.47642944029
13390.434718808365
13390.510709662922
13390.669533608308
13390.877898196384
13391.109501967574
13391.346829588148
13391.58070840284
13391.808642398759
13392.03292977344
13392.258917277512
13392.493487582235
13392.74370999739
13393.01563578456
13393.31296061173
13393.63546116591
13393.977520436407
13394.326933472095
13394.664941650239
13394.969053038518
13395.220248226078
13395.415885426048
13395.587541218973
13395.819411615053
13396.258562175544
13397.104063640323
13398.556588435667
13400.702811709838
13403.30647633891
13405.537320518424
13405.886194532739
13402.80994831251
13396.278723271433
13388.750616337802
13383.625756847927
13382.544904675617
13384.752199126173
13388.47488989724
13392.177157547554
13394.927860408252
13396.358727113691
13396.613840939759
13396.25574449071
13395.940678814075
13395.907205194233
13395.649215216754
13394.184706555057
13390.951593917887
13386.640525071243
13382.932747435714
13381.207273616501
13381.645922995442
13383.513622763734
13385.91930355969
13388.267395598441
13390.309153315286
13392.027877121322
13393.526294933885
13394.962507884866
13396.524834543785
13398.421573520121
13400.857615056262
13403.958828507737
13407.5920294997
13411.061399857997
13412.862959018765
13411.088744605277
13405.030597052872
13396.816666722842
13390.335791466237
13387.907842178281
13388.87547851796
13391.105247589265
13392.758167753305
13392.931011996327
13391.569857554221
13389.185318277641
13386.533027125726
13384.306237989576
13382.923459251115
13382.477102382787
13382.820368587334
13383.705357431196
13384.8954805033
13386.222765402536
13387.598937135148
13389.0009781868
13390.447081632241
13391.969429861983
13393.583058314434
13395.24866917304
13396.834423677037
13398.10225904462
13398.77132962021
13398.713542839905
13398.25930988812
13398.45837517
13401.133609328865
13408.762164067122
13424.041194279689
13447.263994642255
13467.328722486483
13455.750132645278
13409.868861284314
13387.016437976048
13403.754580909203
13412.181813132758
13381.43687239803
13345.198493074824
13339.616607453283
13353.057820545713
13367.122781676033
13376.406194399684
13381.878631266425
13385.565110080128
13389.401361548826
13395.865725476917
13409.521881501136
13438.836974431426
13490.691500889314
13525.893210905453
13426.398297119073
13290.860636670124
13294.255824688584
13340.350710571685
13370.214178835797
13384.346025000985
13390.262848314493
13392.347477618467
13392.74401352204
13392.558522319978
13392.380147939211
13392.450815490936
13392.743393236084
13393.053095844403
13393.114510885625
13392.72619256705
13391.851300183633
13390.652045410427
13389.428886657703
13388.490754268974
13388.035661335593
13388.109880262979
13388.649123248584
13389.554613892864
13390.758905502325
13392.264236604311
13394.159389167007
13396.625117250052
13399.928982168436
13404.391681252358
13410.27752895142
13417.534338794347
13425.344986532798
13431.687612303296
13433.525631050143
13428.282225838017
13416.400232053566
13403.291523095166
13396.13341936727
13394.33965652231
13387.498262138377
13371.148294936847
13357.46853991932
13357.283163534488
13367.135378148389
13379.511749763904
13390.810705091506
13400.535381239173
13408.589710002492
13413.449238715693
13411.865618317093
13401.601733541787
13386.091714977187
13373.49862552435
13368.839970633546
13370.742219543743
13375.44537963318
13380.314086458824
13384.301116758696
13387.253227550815
13389.336736637828
13390.768503204048
13391.727820005586
13392.343890978533
13392.707154743102
13392.88508534356
13392.935308600252
13392.914839777946
13392.885945863203
13392.919523528077
13393.09789688086
13393.518400908406
13394.299724642593
13395.592939340035
13397.600722052484
13400.60925521053
13405.034107555733
13411.44577628654
13420.385889682486
13431.346177280357
13439.871752293659
13434.629452040703
13406.223532456592
13368.855537772646
13348.772423267197
13349.426379890068
13358.730427212986
13368.343158565081
13375.902155444914
13381.549961459568
13385.986561130223
13389.94955501308
13394.196314425006
13399.555662593793
13406.786107340373
13415.80179322751
13423.742712199757
13423.212243555809
13407.215787894263
13382.313403495984
13365.976140454846
13364.648499029434
13371.508551964638
13379.385021907132
13385.431930802299
13389.404432028163
13391.81565892475
13393.184844276468
13393.869442296682
13394.083295268472
13393.950194484933
13393.552704239546
13392.967816006336
13392.285399565462
13391.607521497848
13391.03245828249
13390.633571024058
13390.444997345363
13390.460626781449
13390.644382200488
13390.944825136196
13391.308161183286
13391.686557621759
13392.042254343754
13392.349713765489
13392.597361600545
13392.789514071708
13392.947931530132
13393.112340182122
13393.34104622026
13393.715354201768
13394.355394411868
13395.459980791524
13397.393033331087
13400.857833420981
13407.227050322705
13419.053518099598
13440.22099126644
13472.403287339559
13499.05121121681
13471.725575491044
13393.399632358223
13359.630679830849
13377.202089651479
13395.536338522685
13392.816176837247
13373.979994962461
13356.940670991306
13353.42018553252
13361.144099560353
13372.368662039671
13381.280170743381
13385.440981058382
13385.266335210792
13383.06757408176
13381.413854300146
13381.650465744264
13383.730401351288
13387.03049803611
13391.113470632157
13396.02838098329
13402.288803102485
13410.620969260779
13421.237172148762
13432.265214396806
13438.463329153814
13435.265984412037
13428.553970146646
13428.741221640246
13425.048216017185
13394.1986500138
13353.00526017565
13338.147573313889
13345.994571358711
13357.937609238024
13366.81084587523
13372.788477781738
13377.186210026364
13380.756066147644
13383.785486168284
13386.391796213624
13388.671847422327
13390.74496413442
13392.752357850517
13394.83988483644
13397.122450530944
13399.612642784003
13402.096005707966
13403.978910375416
13404.259654072283
13401.915500166102
13396.800407445025
13390.329209159738
13384.82921899462
13381.908163410362
13381.618519775338
13383.015512064288
13385.071775190969
13387.125549897248
13388.886704956361
13390.291579207544
13391.374775586939
13392.195595096455
13392.806445467042
13393.245564520246
13393.541577492042
13393.722149310905
13393.821019229565
13393.879138046617
13393.938658491805
13394.032555240077
13394.174775282483
13394.35601680527
13394.546758439268
13394.706078789488
13394.793285527823
13394.77911596292
13394.654427391786
13394.434295017363
13394.156352473845
13393.87339167622
13393.641934852198
13393.510176999016
13393.508722517045
13393.646183769008
13393.909930905094
13394.271750232285
13394.699841803682
13395.180229964231
13395.751979069211
13396.55506368051
13397.877654212512
13400.16677444419
13403.925262071709
13409.342920849915
13415.454597335449
13419.013292553636
13414.938881474856
13401.294834056029
13384.70856889238
13374.885509577989
13374.425977016923
13379.626206369965
13386.744950972408
13394.326384299275
13402.24441249508
13409.862873031188
13414.070095800756
13409.242137551797
13393.201892323541
13374.319767027375
13364.234542067688
13364.9658426533
13371.075641401527
13377.711502603848
13382.928118441163
13386.524114395219
13388.861655827543
13390.345362889035
13391.282193984758
13391.877497376398
13392.2621023755
13392.518421728175
13392.698855618875
13392.83776147431
13392.958632879629
13393.078341273454
13393.209666134271
13393.36245689364
13393.544200174096
13393.759810181493
13394.010724465208
13394.293106499617
13394.594743592837
13394.8909348303
13395.14009688166
13395.281676253571
13395.240429053641
13394.941796169222
13394.33941561749
13393.446955622032
13392.35664720398
13391.226376690702
13390.233503005122
13389.516888259197
13389.138438841477
13389.080401501311
13389.27121153445
13389.619934131946
13390.043050018618
13390.477770793734
13390.884420422954
13391.24266050137
13391.545847420586
13391.795662919361
13391.998140062107
13392.160876956243
13392.291399657606
13392.396248022244
13392.480569914393
13392.54810092928
13392.601279775414
13392.641681352323
13392.67058025032
13392.689498127153
13392.700913391447
13392.708709314835
13392.71856007482
13392.737887885876
13392.775798964967
13392.842788894644
13392.950732537562
13393.112863143548
13393.344263951327
13393.662553052325
13394.088322583142
13394.645050627894
13395.357466504967
13396.247205049396
13397.324330513678
13398.573405645546
13399.933996655944
13401.279619237632
13402.406017973792
13403.04976415895
13402.959890404367
13402.024351478516
13400.398905361744
13398.5303874758
13396.985940291668
13396.133927985948
13395.88198346318
13395.704039762739
13395.010226351473
13393.612428012744
13391.871999371662
13390.383506693976
13389.532945120116
13389.298726629224
13389.289456102093
13388.91500720649
13387.727124093646
13385.820184479318
13383.901953726454
13382.849382759015
13383.152059098244
13384.756184794503
13387.31355363194
13390.492605376081
13394.125904621653
13398.190252500583
13402.69029036384
13407.496062459883
13412.165774325043
13415.78419556043
13416.846947601382
13413.376660906984
13404.011100902571
13390.425050125383
13378.053214945301
13371.889613655449
13372.307724688188
13376.32246235503
13380.932004261533
13384.560268416093
13386.87666550931
13388.299515530065
13389.704043443637
13392.438838158774
13398.862666283014
13413.940401458369
13448.37192089835
13518.362209743007
13606.848042905087
13569.671791227329
13388.476993186123
13269.262776449135
13246.045622584325
13293.201135428131
13339.135561737812
13364.636206640276
13376.719477803234
13382.502745276306
13385.616322575199
13387.581111391311
13388.986075134022
13390.064962424278
13390.92995417959
13391.654187023703
13392.296314622597
13392.904761641845
13393.514709273704
13394.141460951716
13394.771271397338
13395.352530699307
13395.793823067093
13395.978141804426
13395.80133532068
13395.227544369001
13394.33334225576
13393.301539164591
13392.351857892949
13391.646172673842
13391.230517901287
13391.045614665116
13390.985219369684
13390.95807721319
13390.92151965048
13390.881144755691
13390.869375562448
13390.919973532842
13391.051242085367
13391.261455102427
13391.533738674561
13391.844581514324
13392.17168505798
13392.498942881533
13392.81865391065
13393.131902267734
13393.447763675798
13393.781988401755
13394.15452267455
13394.58568813552
13395.089470185314
13395.66346050574
13396.27488053812
13396.845638117837
13397.243303358206
13397.291607592078
13396.81522434319
13395.720053438163
13394.076924434705
13392.146610281838
13390.303855887769
13388.89337323963
13388.113124163312
13387.994725352433
13388.470979362655
13389.472285973943
13391.006965424309
13393.212463615904
13396.373285643207
13400.863970041597
13406.874001266726
13413.649611112498
13418.239067523362
13415.368958719368
13402.051659217017
13384.373483091467
13373.243329390227
13372.337983498337
13377.529418196891
13384.055494138178
13389.639329586273
13393.802919291551
13396.724910700741
13398.65596547061
13399.743129210283
13400.035395144198
13399.56196148967
13398.437488399586
13396.953643083036
13395.605625602735
13395.015483357478
13395.753089214466
13398.068316087858
13401.510303099209
13404.469023421454
13404.155997818847
13398.20237748753
13387.736413869898
13377.868515674367
13373.150286966033
13373.92688701559
13377.819741378666
13382.571326539963
13387.074245684336
13391.091872777188
13394.773786438629
13398.344349601375
13401.94200156565
13405.530273091217
13408.84973501926
13411.42935148779
13412.687153936558
13412.120606570918
13409.56645259
13405.481301406995
13400.996671304827
13397.412646420249
13395.43189930097
13394.986657086816
13395.713770980637
13397.182823217201
13398.418708540725
13397.477043004015
13392.453692255309
13383.902372478393
13375.509553131677
13370.934049070669
13370.82026952582
13373.511202441337
13377.161662168945
13380.680534048348
13383.627936084957
13385.897928645387
13387.522481460308
13388.591797528336
13389.22478960299
13389.550954926186
13389.692886393881
13389.751158891799
13389.795943537374
13389.866774268095
13389.978646915932
13390.13056184902
13390.313453775967
13390.515975776914
13390.727909047548
13390.941401011538
13391.151369880174
13391.355312403279
13391.552961571593
13391.746157296993
13391.938929143738
13392.137790040893
13392.352217198157
13392.595122640429
13392.88336808839
13393.237716650985
13393.681707138663
13394.23827783133
13394.922346993942
13395.727265222398
13396.60405126297
13397.436621845698
13398.026421675739
13398.11348081003
13397.46272422301
13396.008505706597
13393.973461427564
13391.83720067541
13390.125877694221
13389.166647519418
13388.989561173254
13389.410057459032
13390.183034203656
13391.12070273435
13392.143657878623
13393.28804445963
13394.69943297176
13396.626441953063
13399.39902466885
13403.328331335804
13408.385875578668
13413.48886617047
13415.63830981936
13410.589856253937
13397.227537157612
13381.66580245153
13372.23661793778
13371.085008502354
13374.792520193858
13379.630872442029
13383.758387146823
13386.760032530234
13388.815048635886
13390.238399434125
13391.321539777406
13392.307807524534
13393.412851702897
13394.854974877591
13396.882036929941
13399.782862397127
13403.859857743535
13409.320286365126
13416.037835505269
13423.196234597755
13428.999082844794
13430.756950091816
13425.466381233173
13411.089829861941
13389.325843069199
13367.602558824106
13354.620468276853
13353.01139889914
13359.007046056895
13367.511317600054
13375.354663530481
13381.420456711692
13385.708182820003
13388.598247637372
13390.50315858605
13391.755465351713
13392.596723499139
13393.196869934147
13393.675924593086
13394.119037806784
13394.583812538285
13395.101870144648
13395.676618800444
13396.27944559125
13396.84681090341
13397.282780698515
13397.473652816432
13397.32041795469
13396.78459615491
13395.927214734655
13394.908959315471
13393.934292379805
13393.161340826418
13392.630364147739
13392.254521279558
13391.87654877003
13391.357872476412
13390.65379425778
13389.837428952895
13389.062120686085
13388.486960299913
13388.21082693833
13388.24747339289
13388.54290515699
13389.012193750332
13389.57242161536
13390.161120196184
13390.74116183444
13391.297529394704
13391.83148013204
13392.354775737487
13392.885479178107
13393.445106672474
13394.056776128631
13394.743803952704
13395.528047764197
13396.42723885734
13397.450212095137
13398.588010184318
13399.798551452228
13400.983675829137
13401.963804577732
13402.47095586675
13402.1981609742
13400.937384822357
13398.76468680848
13396.122209885141
13393.652588084205
13391.856479366357
13390.845286145259
13390.366378758807
13390.019899833254
13389.48083775867
13388.622574660243
13387.532824281012
13386.448557364089
13385.643786996587
13385.318551686254
13385.538956962877
13386.24717671057
13387.318035324357
13388.621645670952
13390.064716451989
13391.604834666654
13393.244627849168
13395.0133234859
13396.938728395544
13399.007752921401
13401.113604879245
13402.997904394078
13404.220493297018
13404.219103963851
13402.515425283706
13399.024982940904
13394.269083946787
13389.260805570506
13385.078551912118
13382.419336229716
13381.416391392815
13381.757481184233
13382.9412690404
13384.496007529644
13386.085712067641
13387.521190754658
13388.724939636091
13389.688010283535
13390.436086958505
13391.00819514765
13391.445531291944
13391.786836524047
13392.067827784587
13392.322670572737
13392.587092530259
13392.902709489661
13393.32281593416
13393.919864291975
13394.793984265585
13396.079491923343
13397.939583839805
13400.525333504525
13403.852327815723
13407.54040398909
13410.462028401904
13410.708257090966
13406.690567317206
13399.314659753769
13392.55594958283
13390.333265593441
13393.072515716496
13397.681608062869
13399.675606560595
13395.897132392505
13387.361222134725
13379.06809912957
13375.327750581695
13376.420637742685
13380.110898989613
13384.288086271941
13387.891161235106
13390.644022130366
13392.623770324019
13394.012886364257
13395.022527196576
13395.921999643775
13397.152442493347
13399.566429098611
13404.90750242337
13416.597987224042
13439.831290584489
13474.448774906215
13486.747251219478
13413.591229877044
13320.248751011406
13310.92561065837
13340.65953992356
13365.029881954251
13378.59252651374
13385.514375405079
13389.127567613416
13391.177005212825
13392.49714363582
13393.49219148378
13394.37182969191
13395.253456458044
13396.199892492965
13397.224357620162
13398.27744285222
13399.22918088311
13399.866175238923
13399.934013583577
13399.243766556772
13397.808988064095
13395.909736446129
13393.987495056277
13392.417280076863
13391.342852393609
13390.709083317024
13390.433666350173
13390.550276480255
13391.215220567821
13392.599451021235
13394.758631077953
13397.547826269662
13400.589048286678
13403.288752546016
13404.930588044987
13404.851775161193
13402.62297664284
13398.177669524197
13392.053922889982
13385.748099578328
13381.518582412626
13381.375385723755
13386.40817926138
13397.245872289488
13414.304673520237
13434.653626204628
13443.569533518521
13417.528813913692
13367.901099543002
13342.62832649902
13349.503244015215
13365.95853686828
13379.462112770514
13388.402851039978
13394.237126950913
13398.28564122843
13401.132433965595
13402.702849839317
13402.559751426876
13400.434544987276
13396.813407536638
13393.015213520323
13390.462348503372
13389.785500856562
13390.614095182606
13392.034546852286
13393.148344133648
13393.418804907917
13392.816758051493
13391.796923890248
13391.095814454426
13391.43064059021
13393.271903564968
13396.771641747335
13401.737077112539
13407.472426471912
13412.502895346202
13414.649654093273
13412.168472752644
13405.442961683773
13396.873333768628
13388.829185550321
13383.189160122014
13382.319227872618
13388.069661816666
13399.482496735629
13411.036893265578
13412.347864233665
13395.885465431433
13371.495400157466
13358.255607229165
13360.165744493339
13368.789349245528
13377.270915933432
13383.415461666991
13387.342810163596
13389.712621184342
13391.10213032868
13391.901248996903
13392.349896807375
13392.590414770255
13392.706741795768
13392.74960757044
13392.751997702486
13392.738870021902
13392.733733064324
13392.763613964053
13392.863592560809
13393.081534240688
13393.48312560698
13394.156625256657
13395.215565325647
13396.794276242983
13399.025728348783
13401.978765414571
13405.514574556179
13409.019869763739
13411.081534054441
13409.539166145212
13402.746213336783
13391.856929985335
13381.235417215797
13375.064661421706
13374.162690348914
13376.676160797388
13380.405976994774
13383.985218435722
13386.870740695618
13388.990453510321
13390.465081131248
13391.461475898137
13392.132373607892
13392.599106693327
13392.952346750113
13393.258733480989
13393.56828544375
13393.920729797981
13394.349977951384
13394.886673185656
13395.558572916336
13396.387971332
13397.38523267398
13398.536912921863
13399.78812355396
13401.020526806824
13402.033937019118
13402.54855157702
13402.25262829692
13400.912426769835
13398.521064872955
13395.401515043923
13392.159506283644
13389.469541208078
13387.81753344695
13387.362490306803
13387.966436340594
13389.311261897188
13390.997464056902
13392.588900699926
13393.649402753987
13393.851781300671
13393.185442669997
13392.147933962946
13391.714596653037
13393.019788717564
13396.907609762347
13403.39599566379
13410.728678249734
13414.226015665874
13407.871216946724
13391.828635242047
13376.520456897118
13371.26355423455
13374.920818436429
13381.652092377379
13387.539089786838
13391.286994532371
13392.886652176656
13392.765639759882
13391.52977040354
13389.872427689668
13388.429171033024
13387.610166755032
13387.533052601606
13388.091983032087
13389.088858368235
13390.340901468448
13391.731263185673
13393.216027890901
13394.811946483678
13396.583465633848
13398.63865254029
13401.139436044588
13404.331194894328
13408.594806833182
13414.500701979434
13422.72392770482
13433.282412249275
13442.924943334556
13441.16642488459
13415.554870208585
13375.45732584697
13350.379134762386
13349.172617672617
13359.338463893517
13370.51829381681
13379.49825953404
13386.313971357165
13391.653562937063
13396.085348927452
13400.031297443704
13403.92403582714
13408.1750260731
13412.467252174907
13414.243885039605
13408.397593143216
13392.39994525508
13373.413669244113
13362.683046166396
13362.943917686654
13369.23950570254
13376.688403861563
13383.272456510196
13388.932049950734
13394.441619712119
13400.872567899773
13409.230699705215
13419.499737054679
13428.293731243952
13426.765703850699
13407.205648753237
13379.047820187796
13362.649108074196
13362.966168081623
13371.070557118299
13379.44367642928
13385.602488047332
13389.594741113366
13392.068065413358
13393.593795300887
13394.550920290454
13395.161203890322
13395.539006790637
13395.726832836926
13395.718485110927
13395.47890466902
13394.968548176808
13394.17385671523
13393.135947147419
13391.961361973716
13390.80274511789
13389.814443341946
13389.10597936204
13388.717861914014
13388.627787508924
13388.776276550312
13389.095398063331
13389.529484354858
13390.04634965429
13390.64279026177
13391.350028819654
13392.243880902186
13393.463169705334
13395.23713379855
13397.912858683143
13401.940138914868
13407.683569056953
13414.779488793862
13420.807101047081
13420.365010041849
13408.536213219058
13389.295700275801
13374.861429862434
13371.717371504694
13376.224819384737
13382.524445961151
13387.39931867558
13390.018078459087
13390.682793064516
13390.107374361927
13389.066800207023
13388.169433528721
13387.732519451924
13387.79567121732
13388.230953013915
13388.8634075755
13389.54604723659
13390.184931911763
13390.734183476417
13391.18102392766
13391.53152995766
13391.800950800422
13392.00843090829
13392.174938013955
13392.323861983225
13392.483515496337
13392.69209579286
13393.005811272733
13393.511876613953
13394.347861689632
13395.72828404006
13397.972404375325
13401.506191289523
13406.757342343073
13413.760677850938
13421.23810905686
13425.419338748978
13420.693847015587
13404.97822349675
13385.11057929653
13371.304898946932
13367.239986379096
13370.110271075131
13375.91617379652
13382.060804303417
13387.397657591871
13391.626775261004
13394.795658876565
13397.023121993778
13398.399227551226
13398.994825724547
13398.919506610433
13398.36476413307
13397.582993349815
13396.80326506292
13396.145609302017
13395.60140808701
13395.087249600121
13394.523168603153
13393.899330012347
13393.347160336354
13393.24171499836
13394.309132566163
13397.67893396458
13404.826693787685
13417.15051897778
13434.153327828024
13448.957312438682
13447.002617152904
13426.61776144484
13416.81412902535
13425.467492269456
13405.436929261585
13344.997399494016
13314.14243274074
13327.858940684184
13351.8056948286
13369.721957437254
13380.754388661702
13387.156368725573
13390.67041709686
13392.334622236052
13392.823478297918
13392.674859119961
13392.342719019345
13392.145114934834
13392.209212801325
13392.483781772882
13392.82220706668
13393.089480178782
13393.239820007811
13393.329577216258
13393.46228736185
13393.698643710373
13393.984827608036
13394.142965052199
13393.935243919106
13393.178580843483
13391.858657855992
13390.178344891623
13388.496027700843
13387.177704961521
13386.451652785625
13386.350383681574
13386.751804257747
13387.467125377787
13388.316934978337
13389.17039070467
13389.951713348295
13390.629303231732
13391.200456476769
13391.678004730766
13392.080816106627
13392.427822032423
13392.734332726715
13393.009893136257
13393.256842251634
13393.470062079808
13393.637889764927
13393.745039817451
13393.77807066134
13393.732795837841
13393.622241748773
13393.482727234768
13393.375882300865
13393.386524637664
13393.619239273163
13394.198037130707
13395.272664355738
13397.029877165049
13399.698379230453
13403.5191742198
13408.624652361546
13414.740383950084
13420.665543128203
13423.793014180252
13420.613423676103
13409.291724712446
13392.857009224224
13378.257292778713
13370.695656251479
13370.168012375547
13373.464153327708
13377.484048099564
13380.62836287534
13382.597484957227
13383.74640662448
13384.557795516173
13385.36491119276
13386.291620546666
13387.31475812575
13388.353503841963
13389.332187588649
13390.20680153578
13390.967248344608
13391.62972448579
13392.228257738996
13392.808701463107
13393.425869895038
13394.14247598052
13395.026804438929
13396.145237198802
13397.541133494766
13399.189348190564
13400.917530660818
13402.310358435325
13402.679014998219
13401.25812925301
13397.72506763738
13392.737635242229
13387.818429912997
13384.430472715609
13383.118423525804
13383.495269282328
13384.803010025345
13386.392459173943
13387.883212686715
13389.120632377257
13390.08249104608
13390.80639507013
13391.349126425725
13391.769174679795
13392.122869102908
13392.46851475212
13392.87726085838
13393.453448559736
13394.372328710308
13395.949534826183
13398.763227353871
13403.833170340582
13412.721981213099
13426.835318165093
13443.769191933026
13449.439353641497
13422.197873416997
13373.766522661435
13348.6303203539
13353.727576300787
13367.84710274406
13378.916082908334
13385.24242868278
13388.273950475354
13389.537632822416
13390.054700323079
13390.40309784938
13390.860942279727
13391.524356344224
13392.388606101393
13393.393903659427
13394.44184238946
13395.394609462663
13396.07548673621
13396.29287988007
13395.903906819218
13394.90586106151
13393.502161792225
13392.076014572345
13391.060322059699
13390.783011747584
13391.389185950424
13392.867178346558
13395.120431238805
13398.005304294491
13401.28614688457
13404.503625682155
13406.82361845715
13407.06634638577
13404.213790696087
13398.377045212586
13391.346386813557
13385.70290437772
13383.128895795906
13383.677352507155
13386.358091640088
13389.984981463063
13393.576233490716
13396.374174256924
13397.784297000037
13397.430586154585
13395.346966568144
13392.129906817045
13388.801302319716
13386.358582545245
13385.339884912974
13385.733477862153
13387.211364459647
13389.4455385688
13392.349825743571
13396.25571392951
13402.076485479762
13411.341396086207
13425.315323859351
13441.026577896835
13443.719079586595
13413.642535740892
13366.57098963511
13345.220195176867
13353.428016346743
13370.870972132929
13386.557772559538
13398.397725278115
13405.880560036856
13407.259671473395
13401.03243464885
13389.643981055988
13379.548497106067
13375.496300557124
13377.130244790345
13381.543030823852
13386.3931040734
13390.63802043177
13394.019979873941
13396.51320688936
13398.047049483317
13398.47428748116
13397.722719492003
13396.029129553754
13394.063621863119
13392.773495954903
13393.011463142055
13395.20308673339
13399.155425844316
13403.824817366594
13406.981005712494
13405.51694967243
13397.722055238304
13386.326752061244
13377.267635727767
13374.160541020115
13376.140497912043
13380.611644502987
13385.883612603962
13391.80274080573
13399.570572978224
13411.595231212239
13430.599324722147
13454.18586494788
13460.952608740943
13417.612240734683
13352.744537569823
13331.911567302535
13346.830258297554
13365.914955767754
13378.65188315903
13385.699631506908
13389.353315909491
13391.210854551911
13392.15314105601
13392.63190247527
13392.873951676522
13392.992927548941
13393.046114448061
13393.06255052353
13393.057095498882
13393.037526867736
13393.007984687942
13392.970875715486
13392.927892765449
13392.880301893661
13392.829387565826
13392.776515631032
13392.723225017186
13392.671268643391
13392.622639347763
13392.57956926549
13392.544561293791
13392.520401685731
13392.510109675186
13392.516930011876
13392.54420755175
13392.595305038514
13392.673138602791
13392.77971664829
13392.915411543225
13393.077866632679
13393.260857405525
13393.45309058956
13393.63766373375
13393.792748462554
13393.89433107357
13393.921369225895
13393.862757737126
13393.723027286276
13393.52326861591
13393.293409102143
13393.056621595284
13392.813498770756
13392.53861867637
13392.198988162996
13391.78867288762
13391.35606369035
13390.997556263042
13390.815339361923
13390.867655980137
13391.146499192304
13391.591865766617
13392.124706658891
13392.674709415272
13393.1915034982
13393.641822937761
13394.000358851365
13394.24211005416
13394.339794920717
13394.268360358366
13394.015217443011
13393.592016390661
13393.042336077482
13392.439427566442
13391.872795151952
13391.428171453708
13391.170186342
13391.134786635368
13391.333302830308
13391.764221701702
13392.42616282085
13393.325937636617
13394.476734274143
13395.88061859224
13397.489209480078
13399.139109296193
13400.4798865284
13400.960492139235
13399.992360327256
13397.350338413064
13393.59475454568
13390.043085370273
13388.152930477718
13388.904377934545
13392.792047903999
13400.241394415649
13411.579819692814
13425.265408146284
13433.624261771065
13422.451721518762
13389.90681702274
13361.658108855341
13356.360331150154
13365.757817807787
13377.486941859588
13386.837465890741
13393.832953418882
13399.719633959956
13405.428334497828
13410.67238995411
13413.104433782019
13408.830526784739
13396.477368459682
13381.552752807565
13372.284877813609
13371.205149353053
13375.115085549045
13380.242794315142
13384.653308382512
13387.879127123806
13390.075260558233
13391.534229699379
13392.510076564131
13393.183460318636
13393.67213759931
13394.050260365488
13394.365529380044
13394.652914372404
13394.94678488636
13395.294124954542
13395.772941853882
13396.520287664795
13397.778466345753
13399.974688586335
13403.860313824107
13410.725524142068
13422.529054496295
13440.914411875285
13461.787907262134
13463.997303248892
13420.974828163333
13362.019910873654
13341.38736661825
13351.710787136797
13367.029088599704
13378.317273688024
13385.642551095294
13390.238823712047
13392.765479236432
13393.729855875266
13394.105783993688
13395.550831701054
13400.105907950852
13409.355828937862
13422.450074488977
13432.261146219493
13425.036471042997
13397.683799351844
13373.012508601638
13368.452249935708
13375.111059479974
13379.745052924782
13378.85948916078
13375.882045609575
13374.626717293673
13376.060348108404
13379.128485746374
13382.541489848578
13385.548152070309
13387.897822238672
13389.611365930587
13390.817958995354
13391.674199601743
13392.328276256269
13392.902874035046
13393.48617831314
13394.128899615169
13394.847916319894
13395.637807584451
13396.490854389944
13397.422137231682
13398.48616302983
13399.754400040265
13401.211611444138
13402.556505545832
13403.007688475873
13401.424915726933
13397.084809252745
13390.75488779048
13384.704439898394
13381.088995397226
13380.446184714383
13381.86265468774
13384.069102407067
13386.181040228726
13387.828277253595
13388.996793569106
13389.841224326614
13390.552089917657
13391.281803570933
13392.116802531355
13393.08086671208
13394.153884015015
13395.291966832674
13396.439275469167
13397.528360471017
13398.470833768954
13399.144268573216
13399.385241153079
13399.004967519686
13397.84500901226
13395.873463678667
13393.278228639987
13390.475034079423
13387.980392238462
13386.20985792664
13385.338365664138
13385.303192486312
13385.913138356684
13386.97588260246
13388.391436109732
13390.214487109726
13392.71853656116
13396.493993737668
13402.566336473077
13412.317017603833
13426.337583465132
13440.34583121961
13439.522503590402
13409.319012143036
13368.9738133678
13353.147159508899
13361.63839256649
13377.28918621088
13391.424855821282
13402.732884192841
13411.159167676507
13414.83317467663
13410.298359519085
13396.903585238124
13381.034168879913
13371.239539112401
13369.830542991293
13373.452319506943
13378.36252862081
13382.674357933725
13385.920671180967
13388.229974360556
13389.869390030608
13391.081946100412
13392.054287850879
13392.92517338814
13393.800348130426
13394.762519990216
13395.87268775142
13397.159113943018
13398.590464819747
13400.03271582339
13401.204222705777
13401.67264842501
13400.965991985306
13398.832563617347
13395.526343691803
13391.833124431969
13388.696057841176
13386.722124964659
13385.991633316411
13386.237283424543
13387.132533194032
13388.472541234069
13390.223411258834
13392.50727739576
13395.572948171888
13399.741993726337
13405.249821080764
13411.845997973789
13418.15537955389
13421.561263990605
13420.399559895137
13417.816254637908
13419.493872780948
13421.426764260314
13406.2394820222
13371.33978278499
13346.223513726907
13346.85657173374
13360.416579133676
13373.993702329404
13383.752444606544
13390.15384060824
13394.385835592255
13397.272774317575
13399.13601651919
13399.900384664512
13399.327700328062
13397.391833683665
13394.659188611717
13392.35775166871
13392.003470531134
13394.922991075142
13401.998774506716
13413.136864568058
13425.11789745822
13428.26187214778
13411.103803594951
13380.799131817945
13363.041516112182
13367.711757567331
13385.808372413352
13408.838473070049
13430.836270082278
13438.743069805385
13415.474073341766
13373.512801117598
13351.455296808503
13356.326271364864
13370.373319429285
13382.388855290414
13390.148882973104
13394.516636527642
13396.665790400273
13397.502471787013
13397.686367884009
13397.679207899562
13397.733001504035
13397.869052476526
13397.900663987137
13397.518719259484
13396.436088373108
13394.563590095873
13392.14830330511
13389.777577892393
13388.212220281475
13388.14362731754
13390.02982918258
13394.056509180364
13400.061596938871
13407.119087916883
13412.66772607358
13412.217164129595
13402.339398062773
13386.399957980972
13373.564952622923
13369.16805805857
13371.245345692514
13375.670021868977
13379.93706087733
13383.274045415736
13385.711771375925
13387.481645524122
13388.795144304298
13389.802007295257
13390.6019843536
13391.262932510945
13391.834041500042
13392.353653741127
13392.85314466638
13393.358589163206
13393.890306425352
13394.460603636531
13395.069358128456
13395.697662389292
13396.30067704488
13396.802824840861
13397.101335671792
13397.084854545774
13396.67010021817
13395.847007387078
13394.707909185996
13393.433955677356
13392.234458333704
13391.270121855474
13390.604871116408
13390.208514995029
13389.997849828485
13389.886524435387
13389.819978300497
13389.786099347419
13389.804654883012
13389.905892364324
13390.110457914703
13390.419585977721
13390.817570725309
13391.282267912238
13391.797635571593
13392.364255294542
13393.007476280178
13393.785207905174
13394.799434960176
13396.21499449498
13398.288905197162
13401.408109827838
13406.113645742074
13413.023912699522
13422.393744588224
13432.753251214282
13438.39869279413
13429.17799962377
13401.147907039824
13369.626352494339
13353.673703860555
13354.240362875526
13362.109460414415
13370.645030405894
13377.4908606996
13382.40212046444
13385.76644252921
13388.034787595254
13389.56739447376
13390.619181150121
13391.361052865057
13391.904494449484
13392.3209666599
13392.655338784109
13392.934744545983
13393.174012555826
13393.3792444888
13393.549906127966
13393.680660320722
13393.763203668368
13393.788367602758
13393.748805784815
13393.642048955393
13393.473353840998
13393.257705702103
13393.020210827484
13392.79454745681
13392.619730721204
13392.535824480898
13392.579231021367
13392.777900726134
13393.146053740216
13393.677805307361
13394.339906602148
13395.066414570098
13395.761741518209
13396.32076563844
13396.669355387303
13396.811503545194
13396.846626033144
13396.917696073053
13397.0898183265
13397.224320469668
13396.955628845013
13395.8530928929
13393.733836242654
13390.916997912052
13388.14954380797
13386.191768363024
13385.410287638235
13385.700030615804
13386.69171338002
13387.996776441356
13389.337817941674
13390.56718047012
13391.633624071625
13392.542005757019
13393.323755034331
13394.019478854761
13394.669313218077
13395.30660466493
13395.950442843621
13396.594280432157
13397.189709773465
13397.629717273974
13397.74482623614
13397.334697600212
13396.253029211995
13394.528073126487
13392.441891825238
13390.478653069616
13389.141574562698
13388.762718069063
13389.437812124539
13391.097797716693
13393.62528299657
13396.921859169488
13400.881054411975
13405.258277731413
13409.456730336173
13412.329663105189
13412.264773823064
13407.899575997706
13399.360191602713
13388.911414826292
13379.855932073964
13374.46326308389
13372.996691108676
13374.366096087175
13377.218488309629
13380.540370023758
13383.760543372193
13386.653873543644
13389.232435375689
13391.679758478314
13394.333535754879
13397.707836469548
13402.5122763866
13409.50874409742
13418.76116944516
13427.602898051007
13428.303829605047
13412.419252403228
13385.684095919885
13367.456185122022
13365.797592361858
13373.415336456266
13382.393292758514
13389.67954650421
13395.046891651067
13398.91824791364
13401.450060989626
13402.355834602255
13401.174039098165
13397.854677552097
13393.244146722054
13388.842795744651
13385.881004201661
13384.642027452539
13384.621110809714
13385.119885653978
13385.668811850954
13386.109960892385
13386.483166015287
13386.882861664848
13387.36985056017
13387.948505787721
13388.583379961632
13389.225616622833
13389.832477202139
13390.375640552551
13390.84170856716
13391.228688355548
13391.541825420672
13391.790031980086
13391.983423990061
13392.131854390705
13392.2441809449
13392.327928658655
13392.389414879208
13392.433774183095
13392.46534157198
13392.487905554777
13392.505148215065
13392.521224497923
13392.541570880978
13392.574201383231
13392.631643327539
13392.734127369511
13392.914385754646
13393.224675460375
13393.746220633519
13394.598672913475
13395.942137634136
13397.949924667058
13400.706434106141
13403.96465574901
13406.763287613041
13407.226968156472
13403.385215730172
13395.337078396258
13386.457972214346
13380.867132943009
13379.901679508217
13382.08688084008
13385.362244098142
13388.436393492439
13390.838825416506
13392.542096037145
13393.666351962274
13394.341843230282
13394.67044080357
13394.730683668804
13394.59542688344
13394.347559295746
13394.088724650168
13393.9438088772
13394.071443074403
13394.698019034806
13396.19847645659
13399.25061682251
13405.058759843343
13415.430914182281
13431.63289071859
13449.11747571712
13448.486476552871
13409.347995578604
13360.303648529416
13346.778195256606
13362.40586724299
13385.126582909477
13406.310060345466
13422.328207284347
13424.521648940365
13404.532439529567
13374.538402456405
13359.086662884249
13362.325838093524
13372.977492531942
13383.032832824803
13390.342184971529
13395.061088543807
13397.602513953141
13398.263982423498
13397.503341105175
13396.131297977223
13395.02805676572
13394.554709205453
13394.256010301708
13393.237445962855
13391.011610579151
13388.148360521502
13386.087120032265
13386.242289657508
13389.2715323891
13394.915069660423
13401.840376700271
13407.040307180332
13406.043717977574
13396.616142820454
13383.628256973303
13375.593593567794
13375.590557007394
13380.53561218533
13386.592585667333
13391.825528935138
13395.752447465133
13398.373959761073
13399.65971551724
13399.488449562023
13397.874492114484
13395.246438502132
13392.461232088708
13390.419470268307
13389.573814521404
13389.753381811817
13390.376237571285
13390.809562272952
13390.661453293984
13389.919183468144
13388.903864460552
13388.066755155323
13387.749893338429
13388.060407916619
13388.900558006751
13390.077161628522
13391.394739724297
13392.693327578141
13393.843003598477
13394.724783742753
13395.224379448986
13395.253995994524
13394.79902599621
13393.962639276555
13392.967388783012
13392.092022331755
13391.570486863986
13391.512292319445
13391.884678974706
13392.548012001214
13393.309150781173
13393.966533698484
13394.343736769772
13394.321317428949
13393.870338840683
13393.074579054799
13392.11961676031
13391.240027302714
13390.645890424907
13390.467512865447
13390.744341840162
13391.452830332508
13392.548135008083
13393.995919735478
13395.782097810801
13397.897591978299
13400.2960639788
13402.82390488728
13405.131729224928
13406.610855799898
13406.45590649308
13403.976545124962
13399.129221469124
13392.885856987477
13386.9250120067
13382.716841534955
13380.795985384753
13380.785491262728
13381.912051653995
13383.474274399265
13385.035492122306
13386.408654866898
13387.56511873266
13388.54879351319
13389.422937256553
13390.248182947676
13391.081302264276
13391.984136887217
13393.035238746774
13394.338775819526
13396.023145287521
13398.213675955385
13400.948034443592
13403.994076091749
13406.57718558812
13407.234374103095
13404.346819505863
13397.663722784435
13389.4988592072
13383.415114128322
13381.387511629271
13382.905837996504
13386.341430042854
13390.301844271042
13393.970622517583
13396.876883513547
13398.644777170022
13398.96993428865
13397.84172338262
13395.807666127988
13393.927136302036
13393.28167570247
13394.378211116116
13396.858973964974
13399.556695051246
13400.801702956667
13399.157457932077
13394.595364655243
13389.059839739248
13385.225057861078
13384.49909412898
13386.48906909288
13389.966126748672
13393.843731334673
13397.513438682747
13400.82284995592
13404.063281068546
13408.058417050346
13414.150053467902
13423.49524611762
13434.433015178072
13437.283078704486
13415.67236260106
13372.761733335152
13342.531766952583
13340.703199639984
13353.054694362834
13366.08915657099
13375.635375028942
13381.864207089466
13385.806007402205
13388.3193194321
13389.9710211863
13391.113731372698
13391.968179622841
13392.6792459447
13393.350280521585
13394.063164786498
13394.889578692839
13395.896480341924
13397.148078027018
13398.707090774386
13400.639633289245
13403.021821588132
13405.914424732196
13409.189156746654
13412.0202294679
13412.174992427526
13406.468175577182
13394.272910388194
13381.046587626799
13374.467916856789
13377.309088460905
13387.73934204204
13403.807951029912
13423.935345769063
13440.875447095388
13435.103026806799
13395.272884931926
13354.716051521345
13346.282098898615
13358.977796449515
13374.490347740786
13386.888886146253
13397.19632396561
13408.264019860577
13422.854531232795
13440.815384929874
13451.645231622173
13432.146776783826
13381.881588883782
13346.384265730292
13345.936423981533
13360.517845400593
13374.255051290904
13383.681085284836
13389.850029217476
13394.197594821211
13397.61427636247
13400.420764431781
13402.446422312643
13403.135846045026
13401.838211463903
13398.359678487146
13393.455795357178
13388.646477772909
13385.309478148716
13383.922805792365
13384.11343726758
13385.194767040904
13386.597960611749
13388.009103238057
13389.331016356857
13390.608890207104
13391.980281793658
13393.654453803729
13395.89941424767
13398.991500678232
13403.040126208769
13407.564125603307
13410.842832169303
13409.777789951615
13401.913129286873
13389.26844075496
13378.293869172958
13373.719395274244
13374.964168527735
13378.893137984378
13383.067442817503
13386.462130093409
13388.926178915914
13390.638151231911
13391.834553396422
13392.72019564105
13393.457513045969
13394.181779551343
13395.021658831463
13396.11758735921
13397.63156556794
13399.733212651197
13402.52728415684
13405.864314232631
13408.998719211588
13410.272374028798
13407.500813642402
13399.796546804815
13389.57159692522
13381.370481640623
13377.97074811888
13378.80192610265
13381.743943873284
13385.044166006397
13387.826064556866
13389.825508865157
13391.062530084047
13391.657773786872
13391.763539199199
13391.544495314987
13391.166479663123
13390.779119936997
13390.495836000833
13390.381758451684
13390.455113386868
13390.699946292738
13391.082883884561
13391.567422587503
13392.122119617366
13392.723688955866
13393.357434092248
13394.01898290273
13394.72115084175
13395.508661751548
13396.47949243904
13397.803851812174
13399.718304870412
13402.45199642437
13406.017318069853
13409.81117339269
13412.17504560152
13410.62686098674
13403.752942341973
13393.704569484808
13385.32864824467
13381.754023344129
13382.3733169476
13384.926420255919
13387.77367600337
13390.378762344322
13392.777684387944
13394.992161017159
13396.759085555414
13397.612963306356
13397.21396424473
13395.669790455571
13393.524661385352
13391.358402210206
13389.40500337848
13387.598175313746
13385.912964225301
13384.55595981225
13383.826115878142
13383.867644328717
13384.578898529311
13385.704079676829
13386.973488767802
13388.189335005862
13389.243439028813
13390.097952631193
13390.757700060998
13391.24811777877
13391.601430212748
13391.849519687434
13392.020744094514
13392.139145511694
13392.224815445163
13392.294906537383
13392.365089258363
13392.451378176953
13392.572959408972
13392.756022291076
13393.039528290734
13393.483991864516
13394.184353612336
13395.287467976817
13397.011676104112
13399.654700726656
13403.549206435648
13408.872507655804
13415.180104800378
13420.738450143483
13422.595834247926
13419.083596044105
13413.199099819187
13409.701717439355
13406.594244686621
13396.100746099164
13378.690418801953
13366.336828677731
13365.77912218059
13372.537999054482
13380.267391044586
13386.001113248241
13389.322605943404
13390.72184468249
13390.841269726203
13390.295766876568
13389.621986135357
13389.193132594255
13389.143763964617
13389.383535950075
13389.699663177174
13389.884520194933
13389.827381522402
13389.543757283096
13389.14667149174
13388.784347131557
13388.578306449568
13388.589028493072
13388.81554372137
13389.217741637964
13389.743630966723
13390.350092741353
13391.01384405875
13391.73509656606
13392.537572740597
13393.467438376818
13394.59187377821
13395.995123391953
13397.765354248599
13399.959405669804
13402.524148639939
13405.156999328296
13407.137506233681
13407.304890886206
13404.511320774356
13398.631393710515
13391.267130852511
13384.939004043445
13381.307954993368
13380.396170862008
13381.259173540095
13382.911215546801
13384.724024233814
13386.405751762004
13387.86439890353
13389.102262565628
13390.161539573352
13391.10380274334
13392.00804227761
13392.981332154368
13394.182818996525
13395.866586959704
13398.448665081605
13402.58251259253
13409.135051538502
13418.668237619182
13429.540147884853
13434.465681214084
13421.784638955889
13392.092591991275
13367.362561180717
13362.081674914569
13369.314609930274
13378.808662464322
13386.360399850002
13391.613555422693
13395.18827295239
13397.572096657526
13398.954237273258
13399.365989190996
13398.877148667685
13397.7205593748
13396.258070903941
13394.80802223703
13393.485752295237
13392.214018451628
13390.914197094553
13389.739571996428
13389.198745341395
13390.149847724155
13393.795124504255
13401.730926824388
13415.495809281445
13433.542207890918
13443.347155524667
13421.387585208986
13372.295195671984
13342.642448748016
13346.833057761178
13363.503092823164
13378.191375526865
13388.053381849735
13393.968979567107
13396.896888748262
13397.309264755213
13395.586428258232
13392.468794951203
13389.091043451364
13386.530184203833
13385.313686016249
13385.340333234553
13386.168051075678
13387.335813138025
13388.524307648297
13389.571094131674
13390.424110009664
13391.090646399054
13391.602064203631
13391.994312001501
13392.299217606513
13392.541769569329
13392.740262749516
13392.907459096885
13393.052255774463
13393.181163622543
13393.299805146098
13393.414314502395
13393.532932909908
13393.66790596566
13393.837994709258
13394.071914257403
13394.412756351148
13394.923459270056
13395.69196953345
13396.832082043245
13398.469174561507
13400.68826494392
13403.407107367444
13406.14814752834
13407.796750617574
13406.72246352663
13401.805051707472
13394.00820582776
13386.474264899143
13382.160969418259
13381.717546146458
13383.886586586133
13387.055322494733
13390.113929706173
13392.48541393804
13393.893441260338
13394.213586819204
13393.47065830636
13391.901571185334
13389.95605262053
13388.163690322228
13386.931548685974
13386.415109609596
13386.534930666649
13387.08786509561
13387.859182531816
13388.684970814911
13389.466049079512
13390.156182607005
13390.74345157082
13391.23434839036
13391.64306007379
13391.98519058085
13392.274724419727
13392.522811232633
13392.737628856597
13392.924733233478
13393.08761211497
13393.22815969503
13393.346818352371
13393.442402805375
13393.511567805845
13393.548199454477
13393.543376216458
13393.486318386962
13393.367039125147
13393.18026806235
13392.930025106913
13392.632883314485
13392.318192942086
13392.0242933982
13391.79126371418
13391.652938012623
13391.630970822785
13391.732755190687
13391.95279456431
13392.27525466992
13392.674913187107
13393.11521543318
13393.544556667039
13393.896020805973
13394.097105729385
13394.092973511795
13393.8774149854
13393.512654572638
13393.119234191297
13392.835162841047
13392.768664084808
13392.974730809536
13393.466574100015
13394.248421985056
13395.349388297922
13396.84598451744
13398.87049050296
13401.599002743453
13405.188758223874
13409.58648681136
13414.094904355003
13416.761659743963
13414.417853999987
13404.977945183724
13391.163828542825
13379.738074093293
13375.117347657428
13376.378622008491
13380.30538387506
13384.472879376026
13387.848509590662
13390.257233587768
13391.85482166456
13392.845629016385
13393.371056933967
13393.491510226533
13393.223097897828
13392.602696499014
13391.750359331805
13390.896201763764
13390.355412916364
13390.465696716139
13391.520335240839
13393.710509999497
13397.036831716423
13401.103924843945
13404.770414977389
13405.967550012088
13402.555909639936
13394.612264092104
13385.772341273501
13380.59544313823
13380.732115763227
13384.7300449522
13390.260186762986
13395.43345766722
13398.797504756953
13399.18250465429
13396.168101884394
13390.822913479946
13385.47451347173
13382.183744186927
13381.503041663193
13382.70463446671
13384.738850257976
13386.857611025926
13388.720938335831
13390.273090519446
13391.609468622804
13392.90148815325
13394.372110961396
13396.296266438016
13398.989558244624
13402.717614916948
13407.398990907119
13411.974742817803
13413.728220474237
13409.028611162687
13397.112922454033
13383.334823102012
13374.868661280245
13373.700471076922
13376.971564408099
13381.374955916071
13385.182519799066
13387.948476309966
13389.789735577293
13390.958744374186
13391.681843506229
13392.12357755943
13392.393600417816
13392.562252298876
13392.674186415787
13392.758167335429
13392.8337339443
13392.915597995217
13393.016733023338
13393.150722939934
13393.333612737339
13393.585522328594
13393.931864187569
13394.403337357162
13395.033162705107
13395.848784753056
13396.853529489295
13397.99381425138
13399.113040765418
13399.91160482982
13399.964681381412
13398.869455430944
13396.527804691937
13393.389737588557
13390.373013215749
13388.418616018567
13388.049698039358
13389.29194611247
13391.889965063665
13395.49826992336
13399.623368313913
13403.317698372255
13404.931025563306
13402.635374873116
13396.182980631005
13388.3325433083
13383.271380628747
13383.385941846545
13388.603159877612
13398.328543820393
13412.892958348935
13432.408730176132
13451.19647123696
13450.643640959906
13415.446851627423
13372.95439518965
13357.745356602649
13361.282910803537
13366.066773972014
13368.516534095357
13371.081014076884
13374.885767574737
13379.28504911131
13383.401078727898
13386.826408901656
13389.566409020801
13391.8149830302
13393.801629516174
13395.715687259946
13397.660277976081
13399.600031008158
13401.29567360462
13402.26831551439
13401.89979521484
13399.771323688823
13396.126192083637
13392.011035571222
13388.760240997388
13387.211429030716
13387.389280625423
13388.797425726281
13390.867418065482
13393.205580840182
13395.61173055464
13397.984436326915
13400.202836933757
13402.027934006172
13403.052716477641
13402.744670371185
13400.63386968319
13396.646799564782
13391.411040306282
13386.189180655098
13382.30371616226
13380.463529932187
13380.556081706905
13381.954096459544
13383.948836232057
13386.008607738726
13387.834494248162
13389.310260249906
13390.430543575312
13391.243764592207
13391.816772848526
13392.216027873877
13392.499239222481
13392.712609373199
13392.89107492067
13393.059603015075
13393.235047553067
13393.427651099524
13393.642011034708
13393.877200995295
13394.12580843002
13394.371905452348
13394.588784831141
13394.737413095501
13394.767792724168
13394.625648287585
13394.265769966267
13393.670504798247
13392.86713670616
13391.934342318722
13390.990579754616
13390.16612079783
13389.571117883519
13389.275293889214
13389.308025359105
13389.677499627893
13390.401043526534
13391.541201298282
13393.247569962377
13395.809904612654
13399.727750342994
13405.781265658603
13415.002469179946
13428.183040019576
13443.998651531903
13454.896716216139
13445.42545759191
13408.42609837002
13367.137212334603
13348.816190970136
13352.094023804517
13363.241594953715
13373.824842116295
13381.437678720911
13386.376160089258
13389.588088513694
13391.846951349544
13393.554578120653
13394.814935826735
13395.576754724661
13395.747818782842
13395.26617186809
13394.152300212803
13392.55551937305
13390.77305944502
13389.211104097856
13388.29460153855
13388.380717991526
13389.730071155545
13392.532136087402
13396.89761227764
13402.64740109054
13408.69993480441
13412.223736875801
13409.043388474778
13397.543004667566
13383.005704947967
13373.632795403486
13372.127983043922
13375.473874029705
13380.01313589851
13383.87590758607
13386.623667255462
13388.41294495707
13389.52307616844
13390.19325648066
13390.59547184584
13390.846693897412
13391.025144135376
13391.18230952395
13391.351132016513
13391.552184693273
13391.798854060431
13392.101691823396
13392.4717310271
13392.922722256413
13393.472238442924
13394.141921459142
13394.956734019745
13395.943080931793
13397.124807596858
13398.515999272384
13400.110499691631
13401.87090208181
13403.725913409791
13405.59201005575
13407.427207716575
13409.278773286784
13411.202553674968
13412.915594478914
13413.31438853719
13410.576072824924
13403.611121134574
13393.816348323862
13384.386213928796
13377.569044232367
13373.659280689666
13372.185483369336
13372.76578738186
13374.999028199782
13378.301739115535
13382.052783170984
13385.806464199453
13389.379325237463
13392.815136840336
13396.295031491074
13400.03053759017
13404.138704401581
13408.487637302682
13412.528756565707
13415.202333699403
13415.073928429953
13410.827976574055
13402.076655502193
13390.190662393265
13378.38364418237
13370.18966514385
13367.245541791423
13368.709777519378
13372.576959492622
13377.0909395133
13381.252385013086
13384.691081766825
13387.389170247578
13389.473989198095
13391.10575018281
13392.427349202237
13393.544083327846
13394.514468734427
13395.343834241072
13395.980920965101
13396.324870492157
13396.25400280762
13395.68274968528
13394.633275436317
13393.281588953043
13391.934777373534
13390.939345621608
13390.58239656606
13391.065633693534
13392.593234823918
13395.575760059362
13400.95428963818
13410.602755549615
13427.237718252345
13451.038405659237
13467.167505767013
13438.621586183548
13369.010856554802
13332.96509643897
13345.426360636096
13372.195833286421
13398.036760389763
13423.433750090406
13449.221909179136
13466.732312555
13456.050333387706
13408.646425653627
13353.49472927831
13327.37112515921
13332.501681183741
13349.7016304129
13365.535616225878
13376.434722166801
13383.14481210238
13387.139364615472
13389.553175251995
13391.11940209825
13392.336026948573
13393.646680349078
13395.631794095498
13399.267087237511
13406.27812831734
13419.279493434937
13439.86888421094
13459.676436654618
13448.027799724798
13387.932239951884
13338.110091562983
13337.001355853581
13356.222871688677
13372.766259360042
13382.722282158973
13388.12660865909
13391.109666408849
13393.014445630713
13394.66611518644
13396.718330781185
13399.952996790747
13405.573635627494
13415.386415078081
13431.05382998306
13449.793884499362
13454.889968462758
13421.735414047727
13367.958453230895
13343.843847265623
13351.086577979837
13365.470304921
13375.979478905643
13382.016480939368
13385.316356622294
13387.229913528969
13388.470754798112
13389.364224867582
13390.062491616873
13390.661063286163
13391.250297844805
13391.937011489881
13392.858037465543
13394.195362832575
13396.192131249674
13399.149221425509
13403.341195686115
13408.715498645224
13414.205587615295
13416.878604023826
13412.510222570152
13399.763540299125
13384.389677881521
13374.680016197475
13373.056492848382
13376.282284269468
13380.633541144152
13384.236597478724
13386.679028157356
13388.166465235678
13389.031917517656
13389.551221758848
13389.90491104436
13390.192722481384
13390.460206065232
13390.722364738976
13390.980163642658
13391.229968026157
13391.468120257512
13391.692457276817
13391.902347973732
13392.098239789626
13392.281039860205
13392.451712592883
13392.610924490496
13392.758962568583
13392.895549132523
13393.020002758494
13393.131282293798
13393.22842888151
13393.31106811183
13393.380448760476
13393.440809361677
13393.501160570891
13393.57755559072
13393.695585263617
13393.892813169703
13394.220819814976
13394.746101605067
13395.548052809003
13396.710388067007
13398.298745784554
13400.312935306181
13402.602508320379
13404.754277350885
13406.022184584026
13405.463616216932
13402.42897167357
13397.201831658102
13391.123729095681
13385.843931958767
13382.383746074258
13380.88577223109
13380.970020211671
13382.12948338692
13383.923984007015
13386.04137537151
13388.313856307032
13390.71919750309
13393.37344527262
13396.515051429447
13400.455835955197
13405.417768634923
13411.093530359442
13415.825900880662
13416.022746301362
13407.955342338817
13392.850874661572
13378.502261567975
13371.69661425857
13372.282941594178
13376.370864279857
13380.861026710018
13384.477783160546
13387.042098899443
13388.761958177927
13389.89587056032
13390.648717085829
13391.160477818448
13391.520834526415
13391.78578004615
13391.990152718692
13392.155884111684
13392.297164193349
13392.42354598947
13392.54176250051
13392.657019696462
13392.774003914019
13392.897824828786
13393.03514341008
13393.19577408489
13393.394838528151
13393.655860574803
13394.014757463563
13394.525112235002
13395.263266425467
13396.330586632097
13397.843688510762
13399.89381004523
13402.441517849202
13405.114539634631
13406.957043040624
13406.425025571756
13402.168958487855
13394.573507014124
13386.368493180533
13380.756493818964
13378.972505353457
13380.107836955278
13382.578248964777
13385.21304134176
13387.453394047825
13389.146750257398
13390.328670634044
13391.09747005011
13391.56101106276
13391.818691029906
13391.954709497195
13392.034126131095
13392.100317795177
13392.17568324847
13392.265784482675
13392.365625704242
13392.465927091893
13392.557772972594
13392.634990388045
13392.694805433133
13392.737194833237
13392.763965420483
13392.77782637972
13392.781706267459
13392.778293968862
13392.769915174815
13392.758422596598
13392.745323544843
13392.731829265203
13392.718983715951
13392.707685303507
13392.6988378758
13392.693324520158
13392.692032511959
13392.695828351658
13392.705486642566
13392.721623645964
13392.744651159808
13392.774755862256
13392.811972079455
13392.8563350369
13392.908428041808
13392.969769798008
13393.04365742323
13393.13594802779
13393.255623363026
13393.415168546799
13393.63025760631
13393.91889144334
13394.299778770777
13394.789854618602
13395.401217918894
13396.136919407876
13396.985585038192
13397.914189777584
13398.857944514299
13399.70730545533
13400.295437499735
13400.397504017577
13399.764417320197
13398.212571619473
13395.756041396187
13392.70415776816
13389.623516499923
13387.149372671363
13385.76487864649
13385.692737216687
13386.93561198796
13389.389326520139
13392.919924123044
13397.31040457707
13402.007476930818
13405.71051682671
13406.238523169564
13401.622988817788
13392.515696237813
13383.010598904933
13377.386850176686
13376.633389981176
13378.988187756828
13382.344254853266
13385.465560543355
13387.93452682792
13389.75994303632
13391.094700966327
13392.105388161104
13392.929776027731
13393.670941161852
13394.401727651275
13395.169211374745
13395.99581429195
13396.87735047148
13397.780433856935
13398.643557508702
13399.387611095239
13399.939028526878
13400.261566654139
13400.383597658365
13400.406718766479
13400.494580301476
13400.85364075864
13401.703586586396
13403.199563803744
13405.260574801692
13407.332720103786
13408.25213687026
13406.484505518456
13400.94445088872
13392.12740827667
13382.521374827344
13375.321418744938
13372.310962188616
13373.076528479281
13375.994767105953
13379.51149406333
13382.698156700462
13385.203128712523
13387.016696988801
13388.273867337242
13389.139093190548
13389.75281626278
13390.213980946288
13390.581250964102
13390.882654649828
13391.127892096283
13391.320099405675
13391.465568228241
13391.580824845354
13391.698095009257
13391.871235557648
13392.187769770884
13392.795716821222
13393.960489406283
13396.17390922868
13400.332763326634
13407.916238106574
13420.658843086023
13437.916298232489
13449.191845946016
13431.530368353237
13383.972276918115
13350.727903883262
13351.581870273641
13366.59941951983
13379.992239175985
13388.3569325329
13392.796290899281
13394.811083274932
13395.434634834264
13395.281608064008
13394.694854289022
13393.849690124116
13392.831521912049
13391.703382344693
13390.552385033856
13389.497864148454
13388.662356085999
13388.130174702468
13387.92252131954
13388.001400746823
13388.293215285297
13388.716038391596
13389.198889154039
13389.69015907812
13390.158124980973
13390.587206833336
13390.973345368939
13391.31977428526
13391.633972754737
13391.925572187796
13392.204934738438
13392.482092454413
13392.765655299552
13393.061264384081
13393.369611236136
13393.683766331009
13393.986262202121
13394.247040648082
13394.424003027261
13394.468682319788
13394.33906564531
13394.018861871591
13393.538977358607
13392.994100157113
13392.551298687276
13392.461155157629
13393.103884390292
13395.128142936328
13399.762171360597
13409.321348020458
13427.346400646165
13455.007521238515
13475.34872972687
13441.560954314637
13359.791154112145
13323.40845902792
13339.441343068473
13363.726547545433
13380.242541817768
13390.031669399497
13396.807255550584
13403.79693691599
13413.652062868778
13427.009547442616
13437.313112631467
13428.067013909105
13394.946381267562
13367.926683009242
13366.937511315324
13378.796597464972
13388.961958740185
13393.538066497866
13393.849465355184
13392.103545340407
13389.872094297561
13387.86532562559
13386.251334114186
13385.039360894605
13384.258065282778
13383.94744376674
13384.100676724227
13384.641653386067
13385.446211820463
13386.379979994366
13387.329088252853
13388.214671489457
13388.99332500168
13389.649833193514
13390.187593155086
13390.620073752303
13390.964547446774
13391.238192416886
13391.456085828526
13391.630482865736
13391.770973097997
13391.884950012796
13391.978184414007
13392.055380760645
13392.120583215556
13392.177487494095
13392.229561237393
13392.280240317907
13392.332912631711
13392.391006468326
13392.458023959995
13392.53750992236
13392.63304180743
13392.748103651582
13392.885930629544
13393.049388027752
13393.240801852235
13393.46194872829
13393.714200037997
13393.998725215139
13394.316844475308
13394.669973677988
13395.05871130117
13395.480640454272
13395.926545368133
13396.375680889883
13396.791774368246
13397.12326682162
13397.310969801347
13397.305277479183
13397.089755990111
13396.701520292383
13396.235087592973
13395.822259873079
13395.594283190365
13395.645365572323
13396.015385055463
13396.692889232881
13397.62102751527
13398.679151518116
13399.625256947222
13400.027246788828
13399.284020034262
13396.876776939482
13392.837760685943
13388.05208952713
13383.909656031437
13381.471024362736
13380.941969289805
13381.845004200608
13383.509228712881
13385.415156305135
13387.291519501008
13389.078771612012
13390.872631120415
13392.898121365935
13395.521932979078
13399.287250641699
13404.915065606785
13413.113078732957
13423.875936886136
13435.157760031354
13442.632583095346
13444.666150168303
13448.149589160479
13456.486475499345
13453.087869934036
13421.941515459745
13368.58589470982
13322.729467991581
13319.157640152449
13344.379641659314
13369.676855024607
13383.913643880502
13387.392524044206
13384.30376928176
13379.710005914752
13377.162725451488
13377.546740751113
13379.992796780698
13383.351795823988
13386.933803075077
13390.57041589706
13394.466376694842
13399.07844475159
13405.00668365
13412.673835146574
13421.323673518695
13427.070874641246
13422.303547969615
13402.795574037253
13378.48444599885
13364.866888761917
13364.70518775664
13371.064355074079
13378.197453508226
13384.046370544414
13388.45107152394
13391.698311246815
13393.993713835622
13395.406383514266
13395.993117084292
13395.970132052285
13395.822621570482
13396.244430750186
13397.87163259298
13400.861386017035
13404.388609302918
13406.290873507096
13403.692214207183
13395.51627958419
13384.954072223272
13377.404527400082
13375.461225879286
13377.76142569441
13381.689120693265
13385.44321887728
13388.294327098416
13390.143653514586
13391.1454012143
13391.522120739333
13391.495818488342
13391.262555886797
13390.977700167872
13390.746803105672
13390.624527950458
13390.623010453655
13390.72609752618
13390.904339315117
13391.126593485827
13391.366831979029
13391.606676916992
13391.835300505294
13392.04779603705
13392.243449639
13392.423981744723
13392.59230114261
13392.75181205886
13392.906023314341
13393.058608452922
13393.213825284553
13393.37706726101
13393.555528372002
13393.758340939521
13393.996283549026
13394.2803414903
13394.61884467193
13395.013054059682
13395.451107583767
13395.900439634053
13396.300169973216
13396.555687504871
13396.541413097799
13396.121045577926
13395.195093834356
13393.77154349482
13392.023908082943
13390.27673176684
13388.891419846284
13388.11227882174
13387.979841994065
13388.360041089856
13389.043133310066
13389.835840067844
13390.606688238611
13391.288946844339
13391.862799718578
13392.334333369005
13392.719511919451
13393.034494136205
13393.29089606657
13393.49421466092
13393.644126582309
13393.735983681667
13393.7629234031
13393.718928003222
13393.601772230139
13393.41578229804
13393.173307889927
13392.894473575492
13392.604754631133
13392.331326078625
13392.099133684833
13391.928149124831
13391.832917084577
13391.82469467824
13391.916170793054
13392.128329007166
13392.499712149242
13393.098139089183
13394.036023762796
13395.487241775028
13397.697838999213
13400.96100667609
13405.478627603045
13410.959302952591
13415.84351688313
13416.680573116413
13409.641249563934
13395.349651260578
13381.08579950758
13374.00663899941
13374.725860759441
13379.766944109726
13386.089436652548
13392.294435128171
13397.8378188845
13402.071386310237
13403.737470597194
13401.372800326966
13394.871333643661
13386.764548445488
13380.79323301951
13378.872381615565
13380.267672840728
13383.193820965644
13386.272784362714
13388.86427520411
13390.81990396278
13392.202069646593
13393.12385319182
13393.686567488863
13393.967349040055
13394.026076363849
13393.916619249285
13393.695494686888
13393.425437385456
13393.173230614697
13393.004100411175
13392.975528335537
13393.135070073033
13393.526169594588
13394.207322672328
13395.293592064521
13397.038628984455
13399.99019395595
13405.250760091545
13414.745583223566
13430.69704936264
13451.35653588035
13459.762744640691
13426.690295906537
13368.938600616257
13345.230893598977
13356.907217411386
13374.411108747952
13384.641015635154
13387.567799743474
13387.03795880176
13386.676477073826
13388.165877285452
13391.23514010511
13394.640593635695
13397.060105329358
13397.572436528417
13395.914476243388
13392.573296215873
13388.581057196245
13385.045642315883
13382.710145492902
13381.789616719898
13382.078314909431
13383.169915634115
13384.651120937484
13386.20849991931
13387.654488236529
13388.907225037106
13389.956210862718
13390.831984540719
13391.585884274784
13392.279541121734
13392.981867985616
13393.771897466768
13394.746742492183
13396.034566246055
13397.812506007862
13400.325555000936
13403.88845045212
13408.812945238646
13415.119487193753
13421.816961781635
13425.85206898543
13422.344247939842
13409.042372776144
13391.95199281833
13380.919439159068
13379.014188571993
13381.967919834175
13384.632302580685
13384.731721132468
13383.25740195903
13383.100390117957
13386.987034383732
13396.184211340284
13409.825493761338
13422.666961625633
13422.51575104679
13399.81216533104
13369.256901923312
13356.02685753121
13361.751806039956
13373.945130449145
13384.670467686965
13391.792648385446
13395.278464628416
13395.515346322356
13393.276526269723
13389.918974400847
13386.990521637315
13385.472740169196
13385.448730851635
13386.41463478991
13387.771893050809
13389.104628093706
13390.217107921117
13391.064850719775
13391.6787830786
13392.115385770374
13392.432283279815
13392.679638020467
13392.899879965997
13393.131268816898
13393.413527116438
13393.795464308176
13394.345088711245
13395.16298641001
13396.397904213245
13398.257547090354
13400.990928461675
13404.78106792108
13409.433169857653
13413.770982647833
13415.09649439417
13410.136774219573
13398.65218510992
13385.957029399975
13378.54896524669
13377.996366444431
13381.524332713332
13385.960780926913
13389.574383750833
13391.904570693705
13393.2068968948
13394.115464255881
13395.498594350476
13398.411649863006
13404.052053993613
13413.373611093113
13425.400858908619
13433.419211571118
13424.185559683361
13394.266633260979
13366.206729336871
13359.384443100635
13367.443669695263
13377.853267278992
13384.969405519152
13388.196452831482
